candidate_pool_condition,variant_name,query_pair_id,query_subject,query_task,query_side,query_quality,true_medon_quality,true_medon_rank,top_ranked_candidate_pair_id,top_ranked_candidate_subject,top_ranked_candidate_task,top_ranked_candidate_side,top_ranked_candidate_quality,top_ranked_is_true_pair,distance_to_true_medon,distance_to_nearest_distractor,retrieval_margin,candidate_set_size,chance_top1,reciprocal_rank,percentile_rank,failure_type
original_frozen_matched_pool,v2_reference,sub-0cGdk9|HoldL,sub-0cGdk9,HoldL,L,good,good,1,sub-0cGdk9|HoldL,sub-0cGdk9,HoldL,L,good,True,0.05495877352468829,0.30086184243975084,0.24590306891506256,7,0.14285714285714285,1.0,1.0,success
original_frozen_matched_pool,v2_reference,sub-0cGdk9|MoveL,sub-0cGdk9,MoveL,L,good,good,1,sub-0cGdk9|MoveL,sub-0cGdk9,MoveL,L,good,True,0.05944784815426929,0.2258276079005641,0.16637975974629482,10,0.1,1.0,1.0,success
original_frozen_matched_pool,v2_reference,sub-2IU8mi|HoldL,sub-2IU8mi,HoldL,L,good,good,2,sub-0cGdk9|HoldL,sub-0cGdk9,HoldL,L,good,False,0.328689068912138,0.21949368921348408,-0.10919537969865392,7,0.14285714285714285,0.5,0.8333333333333334,other_subject_same_task_side
original_frozen_matched_pool,v2_reference,sub-2IU8mi|MoveL,sub-2IU8mi,MoveL,L,good,good,1,sub-2IU8mi|MoveL,sub-2IU8mi,MoveL,L,good,True,0.04743572890594248,0.33604441893111386,0.28860869002517137,10,0.1,1.0,1.0,success
original_frozen_matched_pool,v2_reference,sub-2IhVOz|HoldR,sub-2IhVOz,HoldR,R,good,good,3,sub-FIyfdR|HoldR,sub-FIyfdR,HoldR,R,good,False,1.3254485296083243,0.7885826426869927,-0.5368658869213315,3,0.3333333333333333,0.3333333333333333,0.0,other_subject_same_task_side
original_frozen_matched_pool,v2_reference,sub-2IhVOz|MoveR,sub-2IhVOz,MoveR,R,low_quality,low_quality,4,sub-VopvKx|MoveR,sub-VopvKx,MoveR,R,caution,False,1.2810196469187163,0.6784301235877654,-0.6025895233309508,4,0.25,0.25,0.0,quality_related
original_frozen_matched_pool,v2_reference,sub-AB2PeX|HoldL,sub-AB2PeX,HoldL,L,low_quality,low_quality,2,sub-gNX5yb|HoldL,sub-gNX5yb,HoldL,L,acceptable,False,0.3309516127494058,0.2331033883113299,-0.09784822443807592,12,0.08333333333333333,0.5,0.9090909090909091,quality_related
original_frozen_matched_pool,v2_reference,sub-AB2PeX|MoveL,sub-AB2PeX,MoveL,L,good,good,1,sub-AB2PeX|MoveL,sub-AB2PeX,MoveL,L,good,True,0.04698603144549063,0.5521378186275574,0.5051517871820668,10,0.1,1.0,1.0,success
original_frozen_matched_pool,v2_reference,sub-AbzsOg|HoldL,sub-AbzsOg,HoldL,L,good,good,1,sub-AbzsOg|HoldL,sub-AbzsOg,HoldL,L,good,True,0.3999109609027121,0.6177914265182638,0.2178804656155517,7,0.14285714285714285,1.0,1.0,success
original_frozen_matched_pool,v2_reference,sub-AbzsOg|MoveL,sub-AbzsOg,MoveL,L,good,good,1,sub-AbzsOg|MoveL,sub-AbzsOg,MoveL,L,good,True,0.3832058208194775,0.5770119181814306,0.1938060973619531,10,0.1,1.0,1.0,success
original_frozen_matched_pool,v2_reference,sub-FIyfdR|HoldR,sub-FIyfdR,HoldR,R,good,good,1,sub-FIyfdR|HoldR,sub-FIyfdR,HoldR,R,good,True,0.0357190494441317,0.6531432772288329,0.6174242277847012,3,0.3333333333333333,1.0,1.0,success
original_frozen_matched_pool,v2_reference,sub-FIyfdR|MoveR,sub-FIyfdR,MoveR,R,good,good,1,sub-FIyfdR|MoveR,sub-FIyfdR,MoveR,R,good,True,0.5086171309825672,0.7393396300640819,0.23072249908151465,4,0.25,1.0,1.0,success
original_frozen_matched_pool,v2_reference,sub-FYbcap|HoldL,sub-FYbcap,HoldL,L,acceptable,acceptable,1,sub-FYbcap|HoldL,sub-FYbcap,HoldL,L,acceptable,True,0.1786997994628672,0.6194608531685637,0.4407610537056965,3,0.3333333333333333,1.0,1.0,success
original_frozen_matched_pool,v2_reference,sub-FYbcap|MoveL,sub-FYbcap,MoveL,L,good,good,2,sub-AB2PeX|MoveL,sub-AB2PeX,MoveL,L,good,False,0.38052562311927834,0.2711783865314233,-0.10934723658785506,10,0.1,0.5,0.8888888888888888,other_subject_same_task_side
original_frozen_matched_pool,v2_reference,sub-PuPVlx|HoldL,sub-PuPVlx,HoldL,L,good,good,1,sub-PuPVlx|HoldL,sub-PuPVlx,HoldL,L,good,True,0.10018823714794972,0.34336722097788325,0.24317898382993353,7,0.14285714285714285,1.0,1.0,success
original_frozen_matched_pool,v2_reference,sub-PuPVlx|MoveL,sub-PuPVlx,MoveL,L,good,good,1,sub-PuPVlx|MoveL,sub-PuPVlx,MoveL,L,good,True,0.008975142068523475,0.14167759660728016,0.13270245453875668,10,0.1,1.0,1.0,success
original_frozen_matched_pool,v2_reference,sub-QZTsn6|HoldL,sub-QZTsn6,HoldL,L,good,good,2,sub-PuPVlx|HoldL,sub-PuPVlx,HoldL,L,good,False,0.35892776496577,0.1955366397063374,-0.1633911252594326,7,0.14285714285714285,0.5,0.8333333333333334,other_subject_same_task_side
original_frozen_matched_pool,v2_reference,sub-QZTsn6|MoveL,sub-QZTsn6,MoveL,L,good,good,3,sub-PuPVlx|MoveL,sub-PuPVlx,MoveL,L,good,False,0.3405021892860632,0.12249395819095711,-0.2180082310951061,10,0.1,0.3333333333333333,0.7777777777777778,other_subject_same_task_side
original_frozen_matched_pool,v2_reference,sub-VopvKx|HoldR,sub-VopvKx,HoldR,R,caution,caution,1,sub-VopvKx|HoldR,sub-VopvKx,HoldR,R,caution,True,0.01081048986779696,0.7395878365369618,0.7287773466691648,5,0.2,1.0,1.0,success
original_frozen_matched_pool,v2_reference,sub-VopvKx|MoveR,sub-VopvKx,MoveR,R,caution,caution,1,sub-VopvKx|MoveR,sub-VopvKx,MoveR,R,caution,True,0.01840082283237839,0.43222294053796495,0.4138221177055866,4,0.25,1.0,1.0,success
original_frozen_matched_pool,v2_reference,sub-dCsWjQ|HoldL,sub-dCsWjQ,HoldL,L,good,good,5,sub-AbzsOg|HoldL,sub-AbzsOg,HoldL,L,good,False,0.6733716063225099,0.3906331498375399,-0.28273845648497004,7,0.14285714285714285,0.2,0.33333333333333337,other_subject_same_task_side
original_frozen_matched_pool,v2_reference,sub-dCsWjQ|MoveL,sub-dCsWjQ,MoveL,L,good,good,8,sub-PuPVlx|MoveL,sub-PuPVlx,MoveL,L,good,False,0.9143766919115247,0.4504825974797639,-0.46389409443176083,10,0.1,0.125,0.2222222222222222,other_subject_same_task_side
original_frozen_matched_pool,v2_reference,sub-gNX5yb|HoldL,sub-gNX5yb,HoldL,L,acceptable,acceptable,1,sub-gNX5yb|HoldL,sub-gNX5yb,HoldL,L,acceptable,True,0.27499517040753524,0.41834740326420333,0.1433522328566681,3,0.3333333333333333,1.0,1.0,success
original_frozen_matched_pool,v2_reference,sub-gNX5yb|MoveL,sub-gNX5yb,MoveL,L,good,good,1,sub-gNX5yb|MoveL,sub-gNX5yb,MoveL,L,good,True,0.14962184189454314,0.34105086803786033,0.1914290261433172,10,0.1,1.0,1.0,success
original_frozen_matched_pool,v2_reference,sub-hnetKS|HoldL,sub-hnetKS,HoldL,L,good,good,1,sub-hnetKS|HoldL,sub-hnetKS,HoldL,L,good,True,0.2759279162237444,0.8592415422139066,0.5833136259901621,7,0.14285714285714285,1.0,1.0,success
original_frozen_matched_pool,v2_reference,sub-hnetKS|MoveL,sub-hnetKS,MoveL,L,good,good,1,sub-hnetKS|MoveL,sub-hnetKS,MoveL,L,good,True,0.2765675627166289,0.9387154004003951,0.6621478376837662,10,0.1,1.0,1.0,success
original_frozen_matched_pool,v2_reference,sub-i4oK0F|HoldL,sub-i4oK0F,HoldL,L,acceptable,acceptable,1,sub-i4oK0F|HoldL,sub-i4oK0F,HoldL,L,acceptable,True,0.3170331576323295,0.448021418775079,0.13098826114274953,3,0.3333333333333333,1.0,1.0,success
original_frozen_matched_pool,v2_reference,sub-i4oK0F|MoveL,sub-i4oK0F,MoveL,L,caution,caution,1,sub-i4oK0F|MoveL,sub-i4oK0F,MoveL,L,caution,True,0.08889767592794051,0.14287690164983097,0.053979225721890456,12,0.08333333333333333,1.0,1.0,success
original_frozen_matched_pool,v2_reference,sub-iDpl28|HoldR,sub-iDpl28,HoldR,R,unknown,unknown,1,sub-iDpl28|HoldR,sub-iDpl28,HoldR,R,unknown,True,0.3380983718692299,0.5142064183274019,0.17610804645817196,5,0.2,1.0,1.0,success
original_frozen_matched_pool,v2_reference,sub-jyC0j3|HoldR,sub-jyC0j3,HoldR,R,good,good,1,sub-jyC0j3|HoldR,sub-jyC0j3,HoldR,R,good,True,0.3487582428940685,0.5866864947708073,0.23792825187673877,3,0.3333333333333333,1.0,1.0,success
original_frozen_matched_pool,v2_reference,sub-jyC0j3|MoveR,sub-jyC0j3,MoveR,R,good,good,1,sub-jyC0j3|MoveR,sub-jyC0j3,MoveR,R,good,True,0.04317054573313239,0.27425650889890774,0.23108596316577534,4,0.25,1.0,1.0,success
original_frozen_matched_pool,v2_reference,sub-oLNpHd|HoldL,sub-oLNpHd,HoldL,L,unknown,unknown,1,sub-oLNpHd|HoldL,sub-oLNpHd,HoldL,L,unknown,True,0.133243867988222,0.3233163453707952,0.19007247738257319,12,0.08333333333333333,1.0,1.0,success
original_frozen_matched_pool,v2_reference,sub-oLNpHd|MoveL,sub-oLNpHd,MoveL,L,unknown,unknown,1,sub-oLNpHd|MoveL,sub-oLNpHd,MoveL,L,unknown,True,0.14256514808763573,0.25680570124656016,0.11424055315892442,12,0.08333333333333333,1.0,1.0,success
original_frozen_matched_pool,v2A_top5_aperiodic_rerank,sub-0cGdk9|HoldL,sub-0cGdk9,HoldL,L,good,good,1,sub-0cGdk9|HoldL,sub-0cGdk9,HoldL,L,good,True,-1.9386495246089952,-0.6993669115048866,1.2392826131041086,7,0.14285714285714285,1.0,1.0,success
original_frozen_matched_pool,v2A_top5_aperiodic_rerank,sub-0cGdk9|MoveL,sub-0cGdk9,MoveL,L,good,good,1,sub-0cGdk9|MoveL,sub-0cGdk9,MoveL,L,good,True,-1.4178729803624228,-0.9950158516784834,0.42285712868393943,10,0.1,1.0,1.0,success
original_frozen_matched_pool,v2A_top5_aperiodic_rerank,sub-2IU8mi|HoldL,sub-2IU8mi,HoldL,L,good,good,1,sub-2IU8mi|HoldL,sub-2IU8mi,HoldL,L,good,True,-1.5622065089877901,-1.2529331487756106,0.30927336021217955,7,0.14285714285714285,1.0,1.0,success
original_frozen_matched_pool,v2A_top5_aperiodic_rerank,sub-2IU8mi|MoveL,sub-2IU8mi,MoveL,L,good,good,1,sub-2IU8mi|MoveL,sub-2IU8mi,MoveL,L,good,True,-2.2779222038583335,-0.38837089501731603,1.8895513088410176,10,0.1,1.0,1.0,success
original_frozen_matched_pool,v2A_top5_aperiodic_rerank,sub-2IhVOz|HoldR,sub-2IhVOz,HoldR,R,good,good,3,sub-FIyfdR|HoldR,sub-FIyfdR,HoldR,R,good,False,0.6369644838418262,-1.1060912226801602,-1.7430557065219865,3,0.3333333333333333,0.3333333333333333,0.0,other_subject_same_task_side
original_frozen_matched_pool,v2A_top5_aperiodic_rerank,sub-2IhVOz|MoveR,sub-2IhVOz,MoveR,R,low_quality,low_quality,4,sub-jyC0j3|MoveR,sub-jyC0j3,MoveR,R,good,False,1.5468717531196305,-0.5472887307719986,-2.094160483891629,4,0.25,0.25,0.0,quality_related
original_frozen_matched_pool,v2A_top5_aperiodic_rerank,sub-AB2PeX|HoldL,sub-AB2PeX,HoldL,L,low_quality,low_quality,1,sub-AB2PeX|HoldL,sub-AB2PeX,HoldL,L,low_quality,True,-1.265961713460856,-0.7811566518687864,0.4848050615920697,12,0.08333333333333333,1.0,1.0,success
original_frozen_matched_pool,v2A_top5_aperiodic_rerank,sub-AB2PeX|MoveL,sub-AB2PeX,MoveL,L,good,good,1,sub-AB2PeX|MoveL,sub-AB2PeX,MoveL,L,good,True,-2.598559234202104,0.20197543776908333,2.8005346719711874,10,0.1,1.0,1.0,success
original_frozen_matched_pool,v2A_top5_aperiodic_rerank,sub-AbzsOg|HoldL,sub-AbzsOg,HoldL,L,good,good,1,sub-AbzsOg|HoldL,sub-AbzsOg,HoldL,L,good,True,-2.2828242350543984,-0.042977580338703136,2.239846654715695,7,0.14285714285714285,1.0,1.0,success
original_frozen_matched_pool,v2A_top5_aperiodic_rerank,sub-AbzsOg|MoveL,sub-AbzsOg,MoveL,L,good,good,1,sub-AbzsOg|MoveL,sub-AbzsOg,MoveL,L,good,True,-2.3445770317918813,-0.19033447817339888,2.1542425536184826,10,0.1,1.0,1.0,success
original_frozen_matched_pool,v2A_top5_aperiodic_rerank,sub-FIyfdR|HoldR,sub-FIyfdR,HoldR,R,good,good,1,sub-FIyfdR|HoldR,sub-FIyfdR,HoldR,R,good,True,-2.093599431810784,0.9980085502760554,3.091607982086839,3,0.3333333333333333,1.0,1.0,success
original_frozen_matched_pool,v2A_top5_aperiodic_rerank,sub-FIyfdR|MoveR,sub-FIyfdR,MoveR,R,good,good,1,sub-FIyfdR|MoveR,sub-FIyfdR,MoveR,R,good,True,-1.9463958386091273,-0.7953805860535205,1.1510152525556068,4,0.25,1.0,1.0,success
original_frozen_matched_pool,v2A_top5_aperiodic_rerank,sub-FYbcap|HoldL,sub-FYbcap,HoldL,L,acceptable,acceptable,1,sub-FYbcap|HoldL,sub-FYbcap,HoldL,L,acceptable,True,-1.8539211133039852,0.5634782004168162,2.4173993137208014,3,0.3333333333333333,1.0,1.0,success
original_frozen_matched_pool,v2A_top5_aperiodic_rerank,sub-FYbcap|MoveL,sub-FYbcap,MoveL,L,good,good,1,sub-FYbcap|MoveL,sub-FYbcap,MoveL,L,good,True,-1.588697174245297,-1.1166904047722739,0.4720067694730232,10,0.1,1.0,1.0,success
original_frozen_matched_pool,v2A_top5_aperiodic_rerank,sub-PuPVlx|HoldL,sub-PuPVlx,HoldL,L,good,good,1,sub-PuPVlx|HoldL,sub-PuPVlx,HoldL,L,good,True,-2.623194198795695,-0.44096912108114283,2.182225077714552,7,0.14285714285714285,1.0,1.0,success
original_frozen_matched_pool,v2A_top5_aperiodic_rerank,sub-PuPVlx|MoveL,sub-PuPVlx,MoveL,L,good,good,1,sub-PuPVlx|MoveL,sub-PuPVlx,MoveL,L,good,True,-2.272145884345203,-0.685062867582269,1.587083016762934,10,0.1,1.0,1.0,success
original_frozen_matched_pool,v2A_top5_aperiodic_rerank,sub-QZTsn6|HoldL,sub-QZTsn6,HoldL,L,good,good,1,sub-QZTsn6|HoldL,sub-QZTsn6,HoldL,L,good,True,-1.552799016725655,-1.457164749121182,0.0956342676044728,7,0.14285714285714285,1.0,1.0,success
original_frozen_matched_pool,v2A_top5_aperiodic_rerank,sub-QZTsn6|MoveL,sub-QZTsn6,MoveL,L,good,good,2,sub-PuPVlx|MoveL,sub-PuPVlx,MoveL,L,good,False,-0.9903076883118089,-1.1949829419609856,-0.2046752536491767,10,0.1,0.5,0.8888888888888888,other_subject_same_task_side
original_frozen_matched_pool,v2A_top5_aperiodic_rerank,sub-VopvKx|HoldR,sub-VopvKx,HoldR,R,caution,caution,1,sub-VopvKx|HoldR,sub-VopvKx,HoldR,R,caution,True,-2.0736283094933525,-0.6497196065410461,1.4239087029523065,5,0.2,1.0,1.0,success
original_frozen_matched_pool,v2A_top5_aperiodic_rerank,sub-VopvKx|MoveR,sub-VopvKx,MoveR,R,caution,caution,1,sub-VopvKx|MoveR,sub-VopvKx,MoveR,R,caution,True,-2.005751007602679,-0.6441751102402694,1.3615758973624095,4,0.25,1.0,1.0,success
original_frozen_matched_pool,v2A_top5_aperiodic_rerank,sub-dCsWjQ|HoldL,sub-dCsWjQ,HoldL,L,good,good,4,sub-AbzsOg|HoldL,sub-AbzsOg,HoldL,L,good,False,1.008548433518541,-1.7803022757580917,-2.788850709276633,7,0.14285714285714285,0.25,0.5,other_subject_same_task_side
original_frozen_matched_pool,v2A_top5_aperiodic_rerank,sub-dCsWjQ|MoveL,sub-dCsWjQ,MoveL,L,good,good,8,sub-PuPVlx|MoveL,sub-PuPVlx,MoveL,L,good,False,1008.0,-1.4582709293617162,-1009.4582709293617,10,0.1,0.125,0.2222222222222222,other_subject_same_task_side
original_frozen_matched_pool,v2A_top5_aperiodic_rerank,sub-gNX5yb|HoldL,sub-gNX5yb,HoldL,L,acceptable,acceptable,1,sub-gNX5yb|HoldL,sub-gNX5yb,HoldL,L,acceptable,True,-1.5362486534084614,0.1765980333161325,1.712846686724594,3,0.3333333333333333,1.0,1.0,success
original_frozen_matched_pool,v2A_top5_aperiodic_rerank,sub-gNX5yb|MoveL,sub-gNX5yb,MoveL,L,good,good,1,sub-gNX5yb|MoveL,sub-gNX5yb,MoveL,L,good,True,-2.1470747823352694,-0.943098645871473,1.2039761364637964,10,0.1,1.0,1.0,success
original_frozen_matched_pool,v2A_top5_aperiodic_rerank,sub-hnetKS|HoldL,sub-hnetKS,HoldL,L,good,good,1,sub-hnetKS|HoldL,sub-hnetKS,HoldL,L,good,True,-2.466962300559163,-0.11048138333502536,2.3564809172241374,7,0.14285714285714285,1.0,1.0,success
original_frozen_matched_pool,v2A_top5_aperiodic_rerank,sub-hnetKS|MoveL,sub-hnetKS,MoveL,L,good,good,1,sub-hnetKS|MoveL,sub-hnetKS,MoveL,L,good,True,-2.7873941125292143,0.14592089511416934,2.9333150076433836,10,0.1,1.0,1.0,success
original_frozen_matched_pool,v2A_top5_aperiodic_rerank,sub-i4oK0F|HoldL,sub-i4oK0F,HoldL,L,acceptable,acceptable,1,sub-i4oK0F|HoldL,sub-i4oK0F,HoldL,L,acceptable,True,-1.5561845909521348,-0.47036015642887513,1.0858244345232597,3,0.3333333333333333,1.0,1.0,success
original_frozen_matched_pool,v2A_top5_aperiodic_rerank,sub-i4oK0F|MoveL,sub-i4oK0F,MoveL,L,caution,caution,1,sub-i4oK0F|MoveL,sub-i4oK0F,MoveL,L,caution,True,-1.7977087268612653,-0.4416743386080254,1.35603438825324,12,0.08333333333333333,1.0,1.0,success
original_frozen_matched_pool,v2A_top5_aperiodic_rerank,sub-iDpl28|HoldR,sub-iDpl28,HoldR,R,unknown,unknown,1,sub-iDpl28|HoldR,sub-iDpl28,HoldR,R,unknown,True,-2.4066050731179733,-0.43524496704401194,1.9713601060739614,5,0.2,1.0,1.0,success
original_frozen_matched_pool,v2A_top5_aperiodic_rerank,sub-jyC0j3|HoldR,sub-jyC0j3,HoldR,R,good,good,1,sub-jyC0j3|HoldR,sub-jyC0j3,HoldR,R,good,True,-1.8368602837819068,0.4050387309635128,2.2418990147454196,3,0.3333333333333333,1.0,1.0,success
original_frozen_matched_pool,v2A_top5_aperiodic_rerank,sub-jyC0j3|MoveR,sub-jyC0j3,MoveR,R,good,good,1,sub-jyC0j3|MoveR,sub-jyC0j3,MoveR,R,good,True,-2.0214264574824874,-0.8162095974198309,1.2052168600626565,4,0.25,1.0,1.0,success
original_frozen_matched_pool,v2A_top5_aperiodic_rerank,sub-oLNpHd|HoldL,sub-oLNpHd,HoldL,L,unknown,unknown,1,sub-oLNpHd|HoldL,sub-oLNpHd,HoldL,L,unknown,True,-2.3344948259950176,-0.5199462907934925,1.8145485352015251,12,0.08333333333333333,1.0,1.0,success
original_frozen_matched_pool,v2A_top5_aperiodic_rerank,sub-oLNpHd|MoveL,sub-oLNpHd,MoveL,L,unknown,unknown,1,sub-oLNpHd|MoveL,sub-oLNpHd,MoveL,L,unknown,True,-2.2080418761757588,-0.5251372325312058,1.682904643644553,12,0.08333333333333333,1.0,1.0,success
original_frozen_matched_pool,v2B_gated_aperiodic_top5,sub-0cGdk9|HoldL,sub-0cGdk9,HoldL,L,good,good,1,sub-0cGdk9|HoldL,sub-0cGdk9,HoldL,L,good,True,-1.9386495246089943,-0.699366911504887,1.2392826131041073,7,0.14285714285714285,1.0,1.0,success
original_frozen_matched_pool,v2B_gated_aperiodic_top5,sub-0cGdk9|MoveL,sub-0cGdk9,MoveL,L,good,good,1,sub-0cGdk9|MoveL,sub-0cGdk9,MoveL,L,good,True,-1.417872980362431,-0.99501585167848,0.4228571286839511,10,0.1,1.0,1.0,success
original_frozen_matched_pool,v2B_gated_aperiodic_top5,sub-2IU8mi|HoldL,sub-2IU8mi,HoldL,L,good,good,1,sub-2IU8mi|HoldL,sub-2IU8mi,HoldL,L,good,True,-1.5622065089877886,-1.2529331487756092,0.3092733602121793,7,0.14285714285714285,1.0,1.0,success
original_frozen_matched_pool,v2B_gated_aperiodic_top5,sub-2IU8mi|MoveL,sub-2IU8mi,MoveL,L,good,good,1,sub-2IU8mi|MoveL,sub-2IU8mi,MoveL,L,good,True,-2.277922203858332,-0.38837089501731803,1.889551308841014,10,0.1,1.0,1.0,success
original_frozen_matched_pool,v2B_gated_aperiodic_top5,sub-2IhVOz|HoldR,sub-2IhVOz,HoldR,R,good,good,3,sub-FIyfdR|HoldR,sub-FIyfdR,HoldR,R,good,False,0.6369644838418231,-1.106091222680165,-1.743055706521988,3,0.3333333333333333,0.3333333333333333,0.0,other_subject_same_task_side
original_frozen_matched_pool,v2B_gated_aperiodic_top5,sub-2IhVOz|MoveR,sub-2IhVOz,MoveR,R,low_quality,low_quality,4,sub-jyC0j3|MoveR,sub-jyC0j3,MoveR,R,good,False,1.5468717531196234,-0.547288730772005,-2.0941604838916286,4,0.25,0.25,0.0,quality_related
original_frozen_matched_pool,v2B_gated_aperiodic_top5,sub-AB2PeX|HoldL,sub-AB2PeX,HoldL,L,low_quality,low_quality,1,sub-AB2PeX|HoldL,sub-AB2PeX,HoldL,L,low_quality,True,-1.2659617134608299,-0.7811566518688012,0.48480506159202863,12,0.08333333333333333,1.0,1.0,success
original_frozen_matched_pool,v2B_gated_aperiodic_top5,sub-AB2PeX|MoveL,sub-AB2PeX,MoveL,L,good,good,1,sub-AB2PeX|MoveL,sub-AB2PeX,MoveL,L,good,True,-2.5985592342021024,0.20197543776909688,2.8005346719711994,10,0.1,1.0,1.0,success
original_frozen_matched_pool,v2B_gated_aperiodic_top5,sub-AbzsOg|HoldL,sub-AbzsOg,HoldL,L,good,good,1,sub-AbzsOg|HoldL,sub-AbzsOg,HoldL,L,good,True,-2.282824235054402,-0.042977580338694116,2.239846654715708,7,0.14285714285714285,1.0,1.0,success
original_frozen_matched_pool,v2B_gated_aperiodic_top5,sub-AbzsOg|MoveL,sub-AbzsOg,MoveL,L,good,good,1,sub-AbzsOg|MoveL,sub-AbzsOg,MoveL,L,good,True,-2.344577031791873,-0.1903344781734129,2.15424255361846,10,0.1,1.0,1.0,success
original_frozen_matched_pool,v2B_gated_aperiodic_top5,sub-FIyfdR|HoldR,sub-FIyfdR,HoldR,R,good,good,1,sub-FIyfdR|HoldR,sub-FIyfdR,HoldR,R,good,True,-2.093599431810784,0.9980085502760541,3.091607982086838,3,0.3333333333333333,1.0,1.0,success
original_frozen_matched_pool,v2B_gated_aperiodic_top5,sub-FIyfdR|MoveR,sub-FIyfdR,MoveR,R,good,good,1,sub-FIyfdR|MoveR,sub-FIyfdR,MoveR,R,good,True,-1.946395838609127,-0.795380586053521,1.1510152525556059,4,0.25,1.0,1.0,success
original_frozen_matched_pool,v2B_gated_aperiodic_top5,sub-FYbcap|HoldL,sub-FYbcap,HoldL,L,acceptable,acceptable,1,sub-FYbcap|HoldL,sub-FYbcap,HoldL,L,acceptable,True,-1.8539211133039846,0.56347820041682,2.4173993137208045,3,0.3333333333333333,1.0,1.0,success
original_frozen_matched_pool,v2B_gated_aperiodic_top5,sub-FYbcap|MoveL,sub-FYbcap,MoveL,L,good,good,1,sub-FYbcap|MoveL,sub-FYbcap,MoveL,L,good,True,-1.5886971742453038,-1.1166904047722706,0.4720067694730332,10,0.1,1.0,1.0,success
original_frozen_matched_pool,v2B_gated_aperiodic_top5,sub-PuPVlx|HoldL,sub-PuPVlx,HoldL,L,good,good,1,sub-PuPVlx|HoldL,sub-PuPVlx,HoldL,L,good,True,-2.623194198795697,-0.44096912108113995,2.1822250777145573,7,0.14285714285714285,1.0,1.0,success
original_frozen_matched_pool,v2B_gated_aperiodic_top5,sub-PuPVlx|MoveL,sub-PuPVlx,MoveL,L,good,good,1,sub-PuPVlx|MoveL,sub-PuPVlx,MoveL,L,good,True,-2.2721458843452025,-0.6850628675822704,1.5870830167629322,10,0.1,1.0,1.0,success
original_frozen_matched_pool,v2B_gated_aperiodic_top5,sub-QZTsn6|HoldL,sub-QZTsn6,HoldL,L,good,good,1,sub-QZTsn6|HoldL,sub-QZTsn6,HoldL,L,good,True,-1.552799016725654,-1.4571647491211828,0.09563426760447125,7,0.14285714285714285,1.0,1.0,success
original_frozen_matched_pool,v2B_gated_aperiodic_top5,sub-QZTsn6|MoveL,sub-QZTsn6,MoveL,L,good,good,2,sub-PuPVlx|MoveL,sub-PuPVlx,MoveL,L,good,False,-0.9903076883118083,-1.1949829419609848,-0.2046752536491765,10,0.1,0.5,0.8888888888888888,other_subject_same_task_side
original_frozen_matched_pool,v2B_gated_aperiodic_top5,sub-VopvKx|HoldR,sub-VopvKx,HoldR,R,caution,caution,1,sub-VopvKx|HoldR,sub-VopvKx,HoldR,R,caution,True,-2.073628309493346,-0.6497196065410529,1.423908702952293,5,0.2,1.0,1.0,success
original_frozen_matched_pool,v2B_gated_aperiodic_top5,sub-VopvKx|MoveR,sub-VopvKx,MoveR,R,caution,caution,1,sub-VopvKx|MoveR,sub-VopvKx,MoveR,R,caution,True,-2.005751007602679,-0.644175110240273,1.361575897362406,4,0.25,1.0,1.0,success
original_frozen_matched_pool,v2B_gated_aperiodic_top5,sub-dCsWjQ|HoldL,sub-dCsWjQ,HoldL,L,good,good,4,sub-AbzsOg|HoldL,sub-AbzsOg,HoldL,L,good,False,1.008548433518522,-1.7803022757580873,-2.788850709276609,7,0.14285714285714285,0.25,0.5,other_subject_same_task_side
original_frozen_matched_pool,v2B_gated_aperiodic_top5,sub-dCsWjQ|MoveL,sub-dCsWjQ,MoveL,L,good,good,8,sub-PuPVlx|MoveL,sub-PuPVlx,MoveL,L,good,False,1008.0,-1.4582709293617155,-1009.4582709293617,10,0.1,0.125,0.2222222222222222,other_subject_same_task_side
original_frozen_matched_pool,v2B_gated_aperiodic_top5,sub-gNX5yb|HoldL,sub-gNX5yb,HoldL,L,acceptable,acceptable,1,sub-gNX5yb|HoldL,sub-gNX5yb,HoldL,L,acceptable,True,-1.536248653408463,0.17659803331613538,1.7128466867245984,3,0.3333333333333333,1.0,1.0,success
original_frozen_matched_pool,v2B_gated_aperiodic_top5,sub-gNX5yb|MoveL,sub-gNX5yb,MoveL,L,good,good,1,sub-gNX5yb|MoveL,sub-gNX5yb,MoveL,L,good,True,-2.1470747823352627,-0.9430986458714736,1.203976136463789,10,0.1,1.0,1.0,success
original_frozen_matched_pool,v2B_gated_aperiodic_top5,sub-hnetKS|HoldL,sub-hnetKS,HoldL,L,good,good,1,sub-hnetKS|HoldL,sub-hnetKS,HoldL,L,good,True,-2.4669623005591683,-0.11048138333500707,2.3564809172241614,7,0.14285714285714285,1.0,1.0,success
original_frozen_matched_pool,v2B_gated_aperiodic_top5,sub-hnetKS|MoveL,sub-hnetKS,MoveL,L,good,good,1,sub-hnetKS|MoveL,sub-hnetKS,MoveL,L,good,True,-2.787394112529217,0.14592089511416684,2.933315007643384,10,0.1,1.0,1.0,success
original_frozen_matched_pool,v2B_gated_aperiodic_top5,sub-i4oK0F|HoldL,sub-i4oK0F,HoldL,L,acceptable,acceptable,1,sub-i4oK0F|HoldL,sub-i4oK0F,HoldL,L,acceptable,True,-1.5561845909521355,-0.4703601564288752,1.0858244345232602,3,0.3333333333333333,1.0,1.0,success
original_frozen_matched_pool,v2B_gated_aperiodic_top5,sub-i4oK0F|MoveL,sub-i4oK0F,MoveL,L,caution,caution,1,sub-i4oK0F|MoveL,sub-i4oK0F,MoveL,L,caution,True,-1.79770872686127,-0.4416743386080156,1.3560343882532544,12,0.08333333333333333,1.0,1.0,success
original_frozen_matched_pool,v2B_gated_aperiodic_top5,sub-iDpl28|HoldR,sub-iDpl28,HoldR,R,unknown,unknown,1,sub-iDpl28|HoldR,sub-iDpl28,HoldR,R,unknown,True,-2.406605073117951,-0.43524496704404636,1.9713601060739048,5,0.2,1.0,1.0,success
original_frozen_matched_pool,v2B_gated_aperiodic_top5,sub-jyC0j3|HoldR,sub-jyC0j3,HoldR,R,good,good,1,sub-jyC0j3|HoldR,sub-jyC0j3,HoldR,R,good,True,-1.8368602837819068,0.40503873096351184,2.2418990147454188,3,0.3333333333333333,1.0,1.0,success
original_frozen_matched_pool,v2B_gated_aperiodic_top5,sub-jyC0j3|MoveR,sub-jyC0j3,MoveR,R,good,good,1,sub-jyC0j3|MoveR,sub-jyC0j3,MoveR,R,good,True,-2.021426457482484,-0.8162095974198366,1.2052168600626474,4,0.25,1.0,1.0,success
original_frozen_matched_pool,v2B_gated_aperiodic_top5,sub-oLNpHd|HoldL,sub-oLNpHd,HoldL,L,unknown,unknown,1,sub-oLNpHd|HoldL,sub-oLNpHd,HoldL,L,unknown,True,-2.3344948259950162,-0.519946290793491,1.8145485352015251,12,0.08333333333333333,1.0,1.0,success
original_frozen_matched_pool,v2B_gated_aperiodic_top5,sub-oLNpHd|MoveL,sub-oLNpHd,MoveL,L,unknown,unknown,1,sub-oLNpHd|MoveL,sub-oLNpHd,MoveL,L,unknown,True,-2.208041876175763,-0.5251372325312,1.6829046436445632,12,0.08333333333333333,1.0,1.0,success
task_side_quality_ignored,v2_reference,sub-0cGdk9|HoldL,sub-0cGdk9,HoldL,L,good,good,1,sub-0cGdk9|HoldL,sub-0cGdk9,HoldL,L,good,True,0.05495877352468829,0.30086184243975084,0.24590306891506256,12,0.08333333333333333,1.0,1.0,success
task_side_quality_ignored,v2_reference,sub-0cGdk9|MoveL,sub-0cGdk9,MoveL,L,good,good,1,sub-0cGdk9|MoveL,sub-0cGdk9,MoveL,L,good,True,0.05944784815426929,0.2258276079005641,0.16637975974629482,12,0.08333333333333333,1.0,1.0,success
task_side_quality_ignored,v2_reference,sub-2IU8mi|HoldL,sub-2IU8mi,HoldL,L,good,good,3,sub-0cGdk9|HoldL,sub-0cGdk9,HoldL,L,good,False,0.328689068912138,0.21949368921348408,-0.10919537969865392,12,0.08333333333333333,0.3333333333333333,0.8181818181818181,other_subject_same_task_side
task_side_quality_ignored,v2_reference,sub-2IU8mi|MoveL,sub-2IU8mi,MoveL,L,good,good,1,sub-2IU8mi|MoveL,sub-2IU8mi,MoveL,L,good,True,0.04743572890594248,0.17490052071045845,0.12746479180451598,12,0.08333333333333333,1.0,1.0,success
task_side_quality_ignored,v2_reference,sub-2IhVOz|HoldR,sub-2IhVOz,HoldR,R,good,good,4,sub-VopvKx|HoldR,sub-VopvKx,HoldR,R,caution,False,1.3254485296083243,0.3949288112746186,-0.9305197183337057,5,0.2,0.25,0.25,quality_related
task_side_quality_ignored,v2_reference,sub-2IhVOz|MoveR,sub-2IhVOz,MoveR,R,low_quality,low_quality,4,sub-VopvKx|MoveR,sub-VopvKx,MoveR,R,caution,False,1.2810196469187163,0.6784301235877654,-0.6025895233309508,4,0.25,0.25,0.0,quality_related
task_side_quality_ignored,v2_reference,sub-AB2PeX|HoldL,sub-AB2PeX,HoldL,L,low_quality,low_quality,2,sub-gNX5yb|HoldL,sub-gNX5yb,HoldL,L,acceptable,False,0.3309516127494058,0.2331033883113299,-0.09784822443807592,12,0.08333333333333333,0.5,0.9090909090909091,quality_related
task_side_quality_ignored,v2_reference,sub-AB2PeX|MoveL,sub-AB2PeX,MoveL,L,good,good,1,sub-AB2PeX|MoveL,sub-AB2PeX,MoveL,L,good,True,0.04698603144549063,0.5521378186275574,0.5051517871820668,12,0.08333333333333333,1.0,1.0,success
task_side_quality_ignored,v2_reference,sub-AbzsOg|HoldL,sub-AbzsOg,HoldL,L,good,good,1,sub-AbzsOg|HoldL,sub-AbzsOg,HoldL,L,good,True,0.3999109609027121,0.6177914265182638,0.2178804656155517,12,0.08333333333333333,1.0,1.0,success
task_side_quality_ignored,v2_reference,sub-AbzsOg|MoveL,sub-AbzsOg,MoveL,L,good,good,1,sub-AbzsOg|MoveL,sub-AbzsOg,MoveL,L,good,True,0.3832058208194775,0.5342077919941471,0.15100197117466962,12,0.08333333333333333,1.0,1.0,success
task_side_quality_ignored,v2_reference,sub-FIyfdR|HoldR,sub-FIyfdR,HoldR,R,good,good,1,sub-FIyfdR|HoldR,sub-FIyfdR,HoldR,R,good,True,0.0357190494441317,0.44502754672704564,0.40930849728291396,5,0.2,1.0,1.0,success
task_side_quality_ignored,v2_reference,sub-FIyfdR|MoveR,sub-FIyfdR,MoveR,R,good,good,1,sub-FIyfdR|MoveR,sub-FIyfdR,MoveR,R,good,True,0.5086171309825672,0.7393396300640819,0.23072249908151465,4,0.25,1.0,1.0,success
task_side_quality_ignored,v2_reference,sub-FYbcap|HoldL,sub-FYbcap,HoldL,L,acceptable,acceptable,1,sub-FYbcap|HoldL,sub-FYbcap,HoldL,L,acceptable,True,0.1786997994628672,0.3335220509031833,0.1548222514403161,12,0.08333333333333333,1.0,1.0,success
task_side_quality_ignored,v2_reference,sub-FYbcap|MoveL,sub-FYbcap,MoveL,L,good,good,2,sub-AB2PeX|MoveL,sub-AB2PeX,MoveL,L,good,False,0.38052562311927834,0.2711783865314233,-0.10934723658785506,12,0.08333333333333333,0.5,0.9090909090909091,other_subject_same_task_side
task_side_quality_ignored,v2_reference,sub-PuPVlx|HoldL,sub-PuPVlx,HoldL,L,good,good,1,sub-PuPVlx|HoldL,sub-PuPVlx,HoldL,L,good,True,0.10018823714794972,0.29801122445441736,0.19782298730646763,12,0.08333333333333333,1.0,1.0,success
task_side_quality_ignored,v2_reference,sub-PuPVlx|MoveL,sub-PuPVlx,MoveL,L,good,good,1,sub-PuPVlx|MoveL,sub-PuPVlx,MoveL,L,good,True,0.008975142068523475,0.14167759660728016,0.13270245453875668,12,0.08333333333333333,1.0,1.0,success
task_side_quality_ignored,v2_reference,sub-QZTsn6|HoldL,sub-QZTsn6,HoldL,L,good,good,2,sub-PuPVlx|HoldL,sub-PuPVlx,HoldL,L,good,False,0.35892776496577,0.1955366397063374,-0.1633911252594326,12,0.08333333333333333,0.5,0.9090909090909091,other_subject_same_task_side
task_side_quality_ignored,v2_reference,sub-QZTsn6|MoveL,sub-QZTsn6,MoveL,L,good,good,3,sub-PuPVlx|MoveL,sub-PuPVlx,MoveL,L,good,False,0.3405021892860632,0.12249395819095711,-0.2180082310951061,12,0.08333333333333333,0.3333333333333333,0.8181818181818181,other_subject_same_task_side
task_side_quality_ignored,v2_reference,sub-VopvKx|HoldR,sub-VopvKx,HoldR,R,caution,caution,1,sub-VopvKx|HoldR,sub-VopvKx,HoldR,R,caution,True,0.01081048986779696,0.7395878365369618,0.7287773466691648,5,0.2,1.0,1.0,success
task_side_quality_ignored,v2_reference,sub-VopvKx|MoveR,sub-VopvKx,MoveR,R,caution,caution,1,sub-VopvKx|MoveR,sub-VopvKx,MoveR,R,caution,True,0.01840082283237839,0.43222294053796495,0.4138221177055866,4,0.25,1.0,1.0,success
task_side_quality_ignored,v2_reference,sub-dCsWjQ|HoldL,sub-dCsWjQ,HoldL,L,good,good,8,sub-i4oK0F|HoldL,sub-i4oK0F,HoldL,L,acceptable,False,0.6733716063225099,0.3567879931383066,-0.3165836131842033,12,0.08333333333333333,0.125,0.36363636363636365,quality_related
task_side_quality_ignored,v2_reference,sub-dCsWjQ|MoveL,sub-dCsWjQ,MoveL,L,good,good,10,sub-i4oK0F|MoveL,sub-i4oK0F,MoveL,L,caution,False,0.9143766919115247,0.3018732221819516,-0.612503469729573,12,0.08333333333333333,0.1,0.18181818181818177,quality_related
task_side_quality_ignored,v2_reference,sub-gNX5yb|HoldL,sub-gNX5yb,HoldL,L,acceptable,acceptable,1,sub-gNX5yb|HoldL,sub-gNX5yb,HoldL,L,acceptable,True,0.27499517040753524,0.4028843976539562,0.127889227246421,12,0.08333333333333333,1.0,1.0,success
task_side_quality_ignored,v2_reference,sub-gNX5yb|MoveL,sub-gNX5yb,MoveL,L,good,good,1,sub-gNX5yb|MoveL,sub-gNX5yb,MoveL,L,good,True,0.14962184189454314,0.34105086803786033,0.1914290261433172,12,0.08333333333333333,1.0,1.0,success
task_side_quality_ignored,v2_reference,sub-hnetKS|HoldL,sub-hnetKS,HoldL,L,good,good,1,sub-hnetKS|HoldL,sub-hnetKS,HoldL,L,good,True,0.2759279162237444,0.8592415422139066,0.5833136259901621,12,0.08333333333333333,1.0,1.0,success
task_side_quality_ignored,v2_reference,sub-hnetKS|MoveL,sub-hnetKS,MoveL,L,good,good,1,sub-hnetKS|MoveL,sub-hnetKS,MoveL,L,good,True,0.2765675627166289,0.9387154004003951,0.6621478376837662,12,0.08333333333333333,1.0,1.0,success
task_side_quality_ignored,v2_reference,sub-i4oK0F|HoldL,sub-i4oK0F,HoldL,L,acceptable,acceptable,2,sub-PuPVlx|HoldL,sub-PuPVlx,HoldL,L,good,False,0.3170331576323295,0.28678544958925123,-0.030247708043078247,12,0.08333333333333333,0.5,0.9090909090909091,quality_related
task_side_quality_ignored,v2_reference,sub-i4oK0F|MoveL,sub-i4oK0F,MoveL,L,caution,caution,1,sub-i4oK0F|MoveL,sub-i4oK0F,MoveL,L,caution,True,0.08889767592794051,0.14287690164983097,0.053979225721890456,12,0.08333333333333333,1.0,1.0,success
task_side_quality_ignored,v2_reference,sub-iDpl28|HoldR,sub-iDpl28,HoldR,R,unknown,unknown,1,sub-iDpl28|HoldR,sub-iDpl28,HoldR,R,unknown,True,0.3380983718692299,0.5142064183274019,0.17610804645817196,5,0.2,1.0,1.0,success
task_side_quality_ignored,v2_reference,sub-jyC0j3|HoldR,sub-jyC0j3,HoldR,R,good,good,2,sub-VopvKx|HoldR,sub-VopvKx,HoldR,R,caution,False,0.3487582428940685,0.21886480780098502,-0.12989343509308346,5,0.2,0.5,0.75,quality_related
task_side_quality_ignored,v2_reference,sub-jyC0j3|MoveR,sub-jyC0j3,MoveR,R,good,good,1,sub-jyC0j3|MoveR,sub-jyC0j3,MoveR,R,good,True,0.04317054573313239,0.27425650889890774,0.23108596316577534,4,0.25,1.0,1.0,success
task_side_quality_ignored,v2_reference,sub-oLNpHd|HoldL,sub-oLNpHd,HoldL,L,unknown,unknown,1,sub-oLNpHd|HoldL,sub-oLNpHd,HoldL,L,unknown,True,0.133243867988222,0.3233163453707952,0.19007247738257319,12,0.08333333333333333,1.0,1.0,success
task_side_quality_ignored,v2_reference,sub-oLNpHd|MoveL,sub-oLNpHd,MoveL,L,unknown,unknown,1,sub-oLNpHd|MoveL,sub-oLNpHd,MoveL,L,unknown,True,0.14256514808763573,0.25680570124656016,0.11424055315892442,12,0.08333333333333333,1.0,1.0,success
task_side_quality_ignored,v2A_top5_aperiodic_rerank,sub-0cGdk9|HoldL,sub-0cGdk9,HoldL,L,good,good,1,sub-0cGdk9|HoldL,sub-0cGdk9,HoldL,L,good,True,-2.446218365079699,-0.24720173095143758,2.1990166341282613,12,0.08333333333333333,1.0,1.0,success
task_side_quality_ignored,v2A_top5_aperiodic_rerank,sub-0cGdk9|MoveL,sub-0cGdk9,MoveL,L,good,good,1,sub-0cGdk9|MoveL,sub-0cGdk9,MoveL,L,good,True,-1.5716931560626919,-0.8343061250692119,0.73738703099348,12,0.08333333333333333,1.0,1.0,success
task_side_quality_ignored,v2A_top5_aperiodic_rerank,sub-2IU8mi|HoldL,sub-2IU8mi,HoldL,L,good,good,3,sub-0cGdk9|HoldL,sub-0cGdk9,HoldL,L,good,False,-0.6163560413287591,-1.1564102571085861,-0.540054215779827,12,0.08333333333333333,0.3333333333333333,0.8181818181818181,other_subject_same_task_side
task_side_quality_ignored,v2A_top5_aperiodic_rerank,sub-2IU8mi|MoveL,sub-2IU8mi,MoveL,L,good,good,1,sub-2IU8mi|MoveL,sub-2IU8mi,MoveL,L,good,True,-2.0609378641566307,-0.5248398271106759,1.5360980370459547,12,0.08333333333333333,1.0,1.0,success
task_side_quality_ignored,v2A_top5_aperiodic_rerank,sub-2IhVOz|HoldR,sub-2IhVOz,HoldR,R,good,good,4,sub-FIyfdR|HoldR,sub-FIyfdR,HoldR,R,good,False,0.058055474773840765,-0.8835376662779117,-0.9415931410517525,5,0.2,0.25,0.25,other_subject_same_task_side
task_side_quality_ignored,v2A_top5_aperiodic_rerank,sub-2IhVOz|MoveR,sub-2IhVOz,MoveR,R,low_quality,low_quality,4,sub-jyC0j3|MoveR,sub-jyC0j3,MoveR,R,good,False,1.5468717531196305,-0.5472887307719986,-2.094160483891629,4,0.25,0.25,0.0,quality_related
task_side_quality_ignored,v2A_top5_aperiodic_rerank,sub-AB2PeX|HoldL,sub-AB2PeX,HoldL,L,low_quality,low_quality,1,sub-AB2PeX|HoldL,sub-AB2PeX,HoldL,L,low_quality,True,-1.265961713460856,-0.7811566518687864,0.4848050615920697,12,0.08333333333333333,1.0,1.0,success
task_side_quality_ignored,v2A_top5_aperiodic_rerank,sub-AB2PeX|MoveL,sub-AB2PeX,MoveL,L,good,good,1,sub-AB2PeX|MoveL,sub-AB2PeX,MoveL,L,good,True,-2.598559234202104,0.20197543776908333,2.8005346719711874,12,0.08333333333333333,1.0,1.0,success
task_side_quality_ignored,v2A_top5_aperiodic_rerank,sub-AbzsOg|HoldL,sub-AbzsOg,HoldL,L,good,good,1,sub-AbzsOg|HoldL,sub-AbzsOg,HoldL,L,good,True,-2.393246205238893,-0.07085174646722794,2.322394458771665,12,0.08333333333333333,1.0,1.0,success
task_side_quality_ignored,v2A_top5_aperiodic_rerank,sub-AbzsOg|MoveL,sub-AbzsOg,MoveL,L,good,good,1,sub-AbzsOg|MoveL,sub-AbzsOg,MoveL,L,good,True,-2.3511721746001477,-0.5976501061626918,1.753522068437456,12,0.08333333333333333,1.0,1.0,success
task_side_quality_ignored,v2A_top5_aperiodic_rerank,sub-FIyfdR|HoldR,sub-FIyfdR,HoldR,R,good,good,1,sub-FIyfdR|HoldR,sub-FIyfdR,HoldR,R,good,True,-2.293811467804866,-0.959538475292246,1.3342729925126198,5,0.2,1.0,1.0,success
task_side_quality_ignored,v2A_top5_aperiodic_rerank,sub-FIyfdR|MoveR,sub-FIyfdR,MoveR,R,good,good,1,sub-FIyfdR|MoveR,sub-FIyfdR,MoveR,R,good,True,-1.9463958386091273,-0.7953805860535205,1.1510152525556068,4,0.25,1.0,1.0,success
task_side_quality_ignored,v2A_top5_aperiodic_rerank,sub-FYbcap|HoldL,sub-FYbcap,HoldL,L,acceptable,acceptable,1,sub-FYbcap|HoldL,sub-FYbcap,HoldL,L,acceptable,True,-2.11610051265162,-0.7228522012432842,1.3932483114083358,12,0.08333333333333333,1.0,1.0,success
task_side_quality_ignored,v2A_top5_aperiodic_rerank,sub-FYbcap|MoveL,sub-FYbcap,MoveL,L,good,good,1,sub-FYbcap|MoveL,sub-FYbcap,MoveL,L,good,True,-1.6540391470816764,-1.4177370017645785,0.23630214531709792,12,0.08333333333333333,1.0,1.0,success
task_side_quality_ignored,v2A_top5_aperiodic_rerank,sub-PuPVlx|HoldL,sub-PuPVlx,HoldL,L,good,good,1,sub-PuPVlx|HoldL,sub-PuPVlx,HoldL,L,good,True,-2.26672411579035,-0.5941676601960971,1.6725564555942531,12,0.08333333333333333,1.0,1.0,success
task_side_quality_ignored,v2A_top5_aperiodic_rerank,sub-PuPVlx|MoveL,sub-PuPVlx,MoveL,L,good,good,1,sub-PuPVlx|MoveL,sub-PuPVlx,MoveL,L,good,True,-2.0798191374138826,-0.18661615238683404,1.8932029850270484,12,0.08333333333333333,1.0,1.0,success
task_side_quality_ignored,v2A_top5_aperiodic_rerank,sub-QZTsn6|HoldL,sub-QZTsn6,HoldL,L,good,good,2,sub-PuPVlx|HoldL,sub-PuPVlx,HoldL,L,good,False,-1.1849699402038638,-1.4716188483262962,-0.2866489081224324,12,0.08333333333333333,0.5,0.9090909090909091,other_subject_same_task_side
task_side_quality_ignored,v2A_top5_aperiodic_rerank,sub-QZTsn6|MoveL,sub-QZTsn6,MoveL,L,good,good,2,sub-PuPVlx|MoveL,sub-PuPVlx,MoveL,L,good,False,-0.5957526470281513,-1.5249935758303035,-0.9292409288021521,12,0.08333333333333333,0.5,0.9090909090909091,other_subject_same_task_side
task_side_quality_ignored,v2A_top5_aperiodic_rerank,sub-VopvKx|HoldR,sub-VopvKx,HoldR,R,caution,caution,1,sub-VopvKx|HoldR,sub-VopvKx,HoldR,R,caution,True,-2.0736283094933525,-0.6497196065410461,1.4239087029523065,5,0.2,1.0,1.0,success
task_side_quality_ignored,v2A_top5_aperiodic_rerank,sub-VopvKx|MoveR,sub-VopvKx,MoveR,R,caution,caution,1,sub-VopvKx|MoveR,sub-VopvKx,MoveR,R,caution,True,-2.005751007602679,-0.6441751102402694,1.3615758973624095,4,0.25,1.0,1.0,success
task_side_quality_ignored,v2A_top5_aperiodic_rerank,sub-dCsWjQ|HoldL,sub-dCsWjQ,HoldL,L,good,good,8,sub-i4oK0F|HoldL,sub-i4oK0F,HoldL,L,acceptable,False,1008.0,-1.4339250901444367,-1009.4339250901444,12,0.08333333333333333,0.125,0.36363636363636365,quality_related
task_side_quality_ignored,v2A_top5_aperiodic_rerank,sub-dCsWjQ|MoveL,sub-dCsWjQ,MoveL,L,good,good,10,sub-i4oK0F|MoveL,sub-i4oK0F,MoveL,L,caution,False,1010.0,-1.8035711366792355,-1011.8035711366792,12,0.08333333333333333,0.1,0.18181818181818177,quality_related
task_side_quality_ignored,v2A_top5_aperiodic_rerank,sub-gNX5yb|HoldL,sub-gNX5yb,HoldL,L,acceptable,acceptable,1,sub-gNX5yb|HoldL,sub-gNX5yb,HoldL,L,acceptable,True,-2.0920483989706264,-0.7662373609132589,1.3258110380573676,12,0.08333333333333333,1.0,1.0,success
task_side_quality_ignored,v2A_top5_aperiodic_rerank,sub-gNX5yb|MoveL,sub-gNX5yb,MoveL,L,good,good,1,sub-gNX5yb|MoveL,sub-gNX5yb,MoveL,L,good,True,-2.300531551381514,-0.49907826864639704,1.801453282735117,12,0.08333333333333333,1.0,1.0,success
task_side_quality_ignored,v2A_top5_aperiodic_rerank,sub-hnetKS|HoldL,sub-hnetKS,HoldL,L,good,good,1,sub-hnetKS|HoldL,sub-hnetKS,HoldL,L,good,True,-2.7217773717859846,0.2691828052139109,2.9909601769998955,12,0.08333333333333333,1.0,1.0,success
task_side_quality_ignored,v2A_top5_aperiodic_rerank,sub-hnetKS|MoveL,sub-hnetKS,MoveL,L,good,good,1,sub-hnetKS|MoveL,sub-hnetKS,MoveL,L,good,True,-2.7873941125292143,0.14592089511416934,2.9333150076433836,12,0.08333333333333333,1.0,1.0,success
task_side_quality_ignored,v2A_top5_aperiodic_rerank,sub-i4oK0F|HoldL,sub-i4oK0F,HoldL,L,acceptable,acceptable,1,sub-i4oK0F|HoldL,sub-i4oK0F,HoldL,L,acceptable,True,-1.647042914895777,-0.6840221253338472,0.9630207895619298,12,0.08333333333333333,1.0,1.0,success
task_side_quality_ignored,v2A_top5_aperiodic_rerank,sub-i4oK0F|MoveL,sub-i4oK0F,MoveL,L,caution,caution,1,sub-i4oK0F|MoveL,sub-i4oK0F,MoveL,L,caution,True,-1.7977087268612653,-0.4416743386080254,1.35603438825324,12,0.08333333333333333,1.0,1.0,success
task_side_quality_ignored,v2A_top5_aperiodic_rerank,sub-iDpl28|HoldR,sub-iDpl28,HoldR,R,unknown,unknown,1,sub-iDpl28|HoldR,sub-iDpl28,HoldR,R,unknown,True,-2.4066050731179733,-0.43524496704401194,1.9713601060739614,5,0.2,1.0,1.0,success
task_side_quality_ignored,v2A_top5_aperiodic_rerank,sub-jyC0j3|HoldR,sub-jyC0j3,HoldR,R,good,good,2,sub-VopvKx|HoldR,sub-VopvKx,HoldR,R,caution,False,-1.629611103643498,-1.6448322840229725,-0.01522118037947462,5,0.2,0.5,0.75,quality_related
task_side_quality_ignored,v2A_top5_aperiodic_rerank,sub-jyC0j3|MoveR,sub-jyC0j3,MoveR,R,good,good,1,sub-jyC0j3|MoveR,sub-jyC0j3,MoveR,R,good,True,-2.0214264574824874,-0.8162095974198309,1.2052168600626565,4,0.25,1.0,1.0,success
task_side_quality_ignored,v2A_top5_aperiodic_rerank,sub-oLNpHd|HoldL,sub-oLNpHd,HoldL,L,unknown,unknown,1,sub-oLNpHd|HoldL,sub-oLNpHd,HoldL,L,unknown,True,-2.3344948259950176,-0.5199462907934925,1.8145485352015251,12,0.08333333333333333,1.0,1.0,success
task_side_quality_ignored,v2A_top5_aperiodic_rerank,sub-oLNpHd|MoveL,sub-oLNpHd,MoveL,L,unknown,unknown,1,sub-oLNpHd|MoveL,sub-oLNpHd,MoveL,L,unknown,True,-2.2080418761757588,-0.5251372325312058,1.682904643644553,12,0.08333333333333333,1.0,1.0,success
task_side_quality_ignored,v2B_gated_aperiodic_top5,sub-0cGdk9|HoldL,sub-0cGdk9,HoldL,L,good,good,1,sub-0cGdk9|HoldL,sub-0cGdk9,HoldL,L,good,True,-2.446218365079698,-0.24720173095143877,2.199016634128259,12,0.08333333333333333,1.0,1.0,success
task_side_quality_ignored,v2B_gated_aperiodic_top5,sub-0cGdk9|MoveL,sub-0cGdk9,MoveL,L,good,good,1,sub-0cGdk9|MoveL,sub-0cGdk9,MoveL,L,good,True,-1.5716931560626992,-0.8343061250692081,0.7373870309934911,12,0.08333333333333333,1.0,1.0,success
task_side_quality_ignored,v2B_gated_aperiodic_top5,sub-2IU8mi|HoldL,sub-2IU8mi,HoldL,L,good,good,3,sub-0cGdk9|HoldL,sub-0cGdk9,HoldL,L,good,False,-0.6163560413287507,-1.1564102571085892,-0.5400542157798386,12,0.08333333333333333,0.3333333333333333,0.8181818181818181,other_subject_same_task_side
task_side_quality_ignored,v2B_gated_aperiodic_top5,sub-2IU8mi|MoveL,sub-2IU8mi,MoveL,L,good,good,1,sub-2IU8mi|MoveL,sub-2IU8mi,MoveL,L,good,True,-2.060937864156627,-0.52483982711068,1.5360980370459472,12,0.08333333333333333,1.0,1.0,success
task_side_quality_ignored,v2B_gated_aperiodic_top5,sub-2IhVOz|HoldR,sub-2IhVOz,HoldR,R,good,good,4,sub-FIyfdR|HoldR,sub-FIyfdR,HoldR,R,good,False,0.058055474773834104,-0.8835376662778972,-0.9415931410517313,5,0.2,0.25,0.25,other_subject_same_task_side
task_side_quality_ignored,v2B_gated_aperiodic_top5,sub-2IhVOz|MoveR,sub-2IhVOz,MoveR,R,low_quality,low_quality,4,sub-jyC0j3|MoveR,sub-jyC0j3,MoveR,R,good,False,1.5468717531196234,-0.547288730772005,-2.0941604838916286,4,0.25,0.25,0.0,quality_related
task_side_quality_ignored,v2B_gated_aperiodic_top5,sub-AB2PeX|HoldL,sub-AB2PeX,HoldL,L,low_quality,low_quality,1,sub-AB2PeX|HoldL,sub-AB2PeX,HoldL,L,low_quality,True,-1.2659617134608299,-0.7811566518688012,0.48480506159202863,12,0.08333333333333333,1.0,1.0,success
task_side_quality_ignored,v2B_gated_aperiodic_top5,sub-AB2PeX|MoveL,sub-AB2PeX,MoveL,L,good,good,1,sub-AB2PeX|MoveL,sub-AB2PeX,MoveL,L,good,True,-2.5985592342021024,0.20197543776909688,2.8005346719711994,12,0.08333333333333333,1.0,1.0,success
task_side_quality_ignored,v2B_gated_aperiodic_top5,sub-AbzsOg|HoldL,sub-AbzsOg,HoldL,L,good,good,1,sub-AbzsOg|HoldL,sub-AbzsOg,HoldL,L,good,True,-2.3932462052388956,-0.07085174646723086,2.3223944587716647,12,0.08333333333333333,1.0,1.0,success
task_side_quality_ignored,v2B_gated_aperiodic_top5,sub-AbzsOg|MoveL,sub-AbzsOg,MoveL,L,good,good,1,sub-AbzsOg|MoveL,sub-AbzsOg,MoveL,L,good,True,-2.3511721746001415,-0.5976501061626933,1.7535220684374482,12,0.08333333333333333,1.0,1.0,success
task_side_quality_ignored,v2B_gated_aperiodic_top5,sub-FIyfdR|HoldR,sub-FIyfdR,HoldR,R,good,good,1,sub-FIyfdR|HoldR,sub-FIyfdR,HoldR,R,good,True,-2.293811467804864,-0.9595384752922466,1.3342729925126173,5,0.2,1.0,1.0,success
task_side_quality_ignored,v2B_gated_aperiodic_top5,sub-FIyfdR|MoveR,sub-FIyfdR,MoveR,R,good,good,1,sub-FIyfdR|MoveR,sub-FIyfdR,MoveR,R,good,True,-1.946395838609127,-0.795380586053521,1.1510152525556059,4,0.25,1.0,1.0,success
task_side_quality_ignored,v2B_gated_aperiodic_top5,sub-FYbcap|HoldL,sub-FYbcap,HoldL,L,acceptable,acceptable,1,sub-FYbcap|HoldL,sub-FYbcap,HoldL,L,acceptable,True,-2.116100512651625,-0.722852201243276,1.3932483114083491,12,0.08333333333333333,1.0,1.0,success
task_side_quality_ignored,v2B_gated_aperiodic_top5,sub-FYbcap|MoveL,sub-FYbcap,MoveL,L,good,good,1,sub-FYbcap|MoveL,sub-FYbcap,MoveL,L,good,True,-1.6540391470816853,-1.4177370017645734,0.2363021453171119,12,0.08333333333333333,1.0,1.0,success
task_side_quality_ignored,v2B_gated_aperiodic_top5,sub-PuPVlx|HoldL,sub-PuPVlx,HoldL,L,good,good,1,sub-PuPVlx|HoldL,sub-PuPVlx,HoldL,L,good,True,-2.2667241157903515,-0.5941676601960978,1.6725564555942536,12,0.08333333333333333,1.0,1.0,success
task_side_quality_ignored,v2B_gated_aperiodic_top5,sub-PuPVlx|MoveL,sub-PuPVlx,MoveL,L,good,good,1,sub-PuPVlx|MoveL,sub-PuPVlx,MoveL,L,good,True,-2.07981913741388,-0.18661615238683593,1.893202985027044,12,0.08333333333333333,1.0,1.0,success
task_side_quality_ignored,v2B_gated_aperiodic_top5,sub-QZTsn6|HoldL,sub-QZTsn6,HoldL,L,good,good,2,sub-PuPVlx|HoldL,sub-PuPVlx,HoldL,L,good,False,-1.184969940203862,-1.4716188483262977,-0.2866489081224357,12,0.08333333333333333,0.5,0.9090909090909091,other_subject_same_task_side
task_side_quality_ignored,v2B_gated_aperiodic_top5,sub-QZTsn6|MoveL,sub-QZTsn6,MoveL,L,good,good,2,sub-PuPVlx|MoveL,sub-PuPVlx,MoveL,L,good,False,-0.5957526470281503,-1.5249935758303022,-0.9292409288021518,12,0.08333333333333333,0.5,0.9090909090909091,other_subject_same_task_side
task_side_quality_ignored,v2B_gated_aperiodic_top5,sub-VopvKx|HoldR,sub-VopvKx,HoldR,R,caution,caution,1,sub-VopvKx|HoldR,sub-VopvKx,HoldR,R,caution,True,-2.073628309493346,-0.6497196065410529,1.423908702952293,5,0.2,1.0,1.0,success
task_side_quality_ignored,v2B_gated_aperiodic_top5,sub-VopvKx|MoveR,sub-VopvKx,MoveR,R,caution,caution,1,sub-VopvKx|MoveR,sub-VopvKx,MoveR,R,caution,True,-2.005751007602679,-0.644175110240273,1.361575897362406,4,0.25,1.0,1.0,success
task_side_quality_ignored,v2B_gated_aperiodic_top5,sub-dCsWjQ|HoldL,sub-dCsWjQ,HoldL,L,good,good,8,sub-i4oK0F|HoldL,sub-i4oK0F,HoldL,L,acceptable,False,1008.0,-1.4339250901444327,-1009.4339250901444,12,0.08333333333333333,0.125,0.36363636363636365,quality_related
task_side_quality_ignored,v2B_gated_aperiodic_top5,sub-dCsWjQ|MoveL,sub-dCsWjQ,MoveL,L,good,good,10,sub-i4oK0F|MoveL,sub-i4oK0F,MoveL,L,caution,False,1010.0,-1.8035711366792297,-1011.8035711366792,12,0.08333333333333333,0.1,0.18181818181818177,quality_related
task_side_quality_ignored,v2B_gated_aperiodic_top5,sub-gNX5yb|HoldL,sub-gNX5yb,HoldL,L,acceptable,acceptable,1,sub-gNX5yb|HoldL,sub-gNX5yb,HoldL,L,acceptable,True,-2.0920483989706176,-0.766237360913276,1.3258110380573416,12,0.08333333333333333,1.0,1.0,success
task_side_quality_ignored,v2B_gated_aperiodic_top5,sub-gNX5yb|MoveL,sub-gNX5yb,MoveL,L,good,good,1,sub-gNX5yb|MoveL,sub-gNX5yb,MoveL,L,good,True,-2.3005315513815146,-0.49907826864639804,1.8014532827351166,12,0.08333333333333333,1.0,1.0,success
task_side_quality_ignored,v2B_gated_aperiodic_top5,sub-hnetKS|HoldL,sub-hnetKS,HoldL,L,good,good,1,sub-hnetKS|HoldL,sub-hnetKS,HoldL,L,good,True,-2.721777371785989,0.26918280521393334,2.9909601769999226,12,0.08333333333333333,1.0,1.0,success
task_side_quality_ignored,v2B_gated_aperiodic_top5,sub-hnetKS|MoveL,sub-hnetKS,MoveL,L,good,good,1,sub-hnetKS|MoveL,sub-hnetKS,MoveL,L,good,True,-2.787394112529217,0.14592089511416684,2.933315007643384,12,0.08333333333333333,1.0,1.0,success
task_side_quality_ignored,v2B_gated_aperiodic_top5,sub-i4oK0F|HoldL,sub-i4oK0F,HoldL,L,acceptable,acceptable,1,sub-i4oK0F|HoldL,sub-i4oK0F,HoldL,L,acceptable,True,-1.6470429148957875,-0.6840221253338514,0.963020789561936,12,0.08333333333333333,1.0,1.0,success
task_side_quality_ignored,v2B_gated_aperiodic_top5,sub-i4oK0F|MoveL,sub-i4oK0F,MoveL,L,caution,caution,1,sub-i4oK0F|MoveL,sub-i4oK0F,MoveL,L,caution,True,-1.79770872686127,-0.4416743386080156,1.3560343882532544,12,0.08333333333333333,1.0,1.0,success
task_side_quality_ignored,v2B_gated_aperiodic_top5,sub-iDpl28|HoldR,sub-iDpl28,HoldR,R,unknown,unknown,1,sub-iDpl28|HoldR,sub-iDpl28,HoldR,R,unknown,True,-2.406605073117951,-0.43524496704404636,1.9713601060739048,5,0.2,1.0,1.0,success
task_side_quality_ignored,v2B_gated_aperiodic_top5,sub-jyC0j3|HoldR,sub-jyC0j3,HoldR,R,good,good,2,sub-VopvKx|HoldR,sub-VopvKx,HoldR,R,caution,False,-1.629611103643491,-1.6448322840229794,-0.015221180379488386,5,0.2,0.5,0.75,quality_related
task_side_quality_ignored,v2B_gated_aperiodic_top5,sub-jyC0j3|MoveR,sub-jyC0j3,MoveR,R,good,good,1,sub-jyC0j3|MoveR,sub-jyC0j3,MoveR,R,good,True,-2.021426457482484,-0.8162095974198366,1.2052168600626474,4,0.25,1.0,1.0,success
task_side_quality_ignored,v2B_gated_aperiodic_top5,sub-oLNpHd|HoldL,sub-oLNpHd,HoldL,L,unknown,unknown,1,sub-oLNpHd|HoldL,sub-oLNpHd,HoldL,L,unknown,True,-2.3344948259950162,-0.519946290793491,1.8145485352015251,12,0.08333333333333333,1.0,1.0,success
task_side_quality_ignored,v2B_gated_aperiodic_top5,sub-oLNpHd|MoveL,sub-oLNpHd,MoveL,L,unknown,unknown,1,sub-oLNpHd|MoveL,sub-oLNpHd,MoveL,L,unknown,True,-2.208041876175763,-0.5251372325312,1.6829046436445632,12,0.08333333333333333,1.0,1.0,success
task_side_quality_strict,v2_reference,sub-0cGdk9|HoldL,sub-0cGdk9,HoldL,L,good,good,1,sub-0cGdk9|HoldL,sub-0cGdk9,HoldL,L,good,True,0.05495877352468829,0.30086184243975084,0.24590306891506256,7,0.14285714285714285,1.0,1.0,success
task_side_quality_strict,v2_reference,sub-0cGdk9|MoveL,sub-0cGdk9,MoveL,L,good,good,1,sub-0cGdk9|MoveL,sub-0cGdk9,MoveL,L,good,True,0.05944784815426929,0.2258276079005641,0.16637975974629482,10,0.1,1.0,1.0,success
task_side_quality_strict,v2_reference,sub-2IU8mi|HoldL,sub-2IU8mi,HoldL,L,good,good,2,sub-0cGdk9|HoldL,sub-0cGdk9,HoldL,L,good,False,0.328689068912138,0.21949368921348408,-0.10919537969865392,7,0.14285714285714285,0.5,0.8333333333333334,other_subject_same_task_side
task_side_quality_strict,v2_reference,sub-2IU8mi|MoveL,sub-2IU8mi,MoveL,L,good,good,1,sub-2IU8mi|MoveL,sub-2IU8mi,MoveL,L,good,True,0.04743572890594248,0.33604441893111386,0.28860869002517137,10,0.1,1.0,1.0,success
task_side_quality_strict,v2_reference,sub-2IhVOz|HoldR,sub-2IhVOz,HoldR,R,good,good,3,sub-FIyfdR|HoldR,sub-FIyfdR,HoldR,R,good,False,1.3254485296083243,0.7885826426869927,-0.5368658869213315,3,0.3333333333333333,0.3333333333333333,0.0,other_subject_same_task_side
task_side_quality_strict,v2_reference,sub-2IhVOz|MoveR,sub-2IhVOz,MoveR,R,low_quality,low_quality,1,sub-2IhVOz|MoveR,sub-2IhVOz,MoveR,R,low_quality,True,1.2810196469187163,,,1,1.0,1.0,1.0,success
task_side_quality_strict,v2_reference,sub-AB2PeX|HoldL,sub-AB2PeX,HoldL,L,low_quality,low_quality,1,sub-AB2PeX|HoldL,sub-AB2PeX,HoldL,L,low_quality,True,0.3309516127494058,,,1,1.0,1.0,1.0,success
task_side_quality_strict,v2_reference,sub-AB2PeX|MoveL,sub-AB2PeX,MoveL,L,good,good,1,sub-AB2PeX|MoveL,sub-AB2PeX,MoveL,L,good,True,0.04698603144549063,0.5521378186275574,0.5051517871820668,10,0.1,1.0,1.0,success
task_side_quality_strict,v2_reference,sub-AbzsOg|HoldL,sub-AbzsOg,HoldL,L,good,good,1,sub-AbzsOg|HoldL,sub-AbzsOg,HoldL,L,good,True,0.3999109609027121,0.6177914265182638,0.2178804656155517,7,0.14285714285714285,1.0,1.0,success
task_side_quality_strict,v2_reference,sub-AbzsOg|MoveL,sub-AbzsOg,MoveL,L,good,good,1,sub-AbzsOg|MoveL,sub-AbzsOg,MoveL,L,good,True,0.3832058208194775,0.5770119181814306,0.1938060973619531,10,0.1,1.0,1.0,success
task_side_quality_strict,v2_reference,sub-FIyfdR|HoldR,sub-FIyfdR,HoldR,R,good,good,1,sub-FIyfdR|HoldR,sub-FIyfdR,HoldR,R,good,True,0.0357190494441317,0.6531432772288329,0.6174242277847012,3,0.3333333333333333,1.0,1.0,success
task_side_quality_strict,v2_reference,sub-FIyfdR|MoveR,sub-FIyfdR,MoveR,R,good,good,1,sub-FIyfdR|MoveR,sub-FIyfdR,MoveR,R,good,True,0.5086171309825672,1.1929058169158122,0.684288685933245,2,0.5,1.0,1.0,success
task_side_quality_strict,v2_reference,sub-FYbcap|HoldL,sub-FYbcap,HoldL,L,acceptable,acceptable,1,sub-FYbcap|HoldL,sub-FYbcap,HoldL,L,acceptable,True,0.1786997994628672,0.6194608531685637,0.4407610537056965,3,0.3333333333333333,1.0,1.0,success
task_side_quality_strict,v2_reference,sub-FYbcap|MoveL,sub-FYbcap,MoveL,L,good,good,2,sub-AB2PeX|MoveL,sub-AB2PeX,MoveL,L,good,False,0.38052562311927834,0.2711783865314233,-0.10934723658785506,10,0.1,0.5,0.8888888888888888,other_subject_same_task_side
task_side_quality_strict,v2_reference,sub-PuPVlx|HoldL,sub-PuPVlx,HoldL,L,good,good,1,sub-PuPVlx|HoldL,sub-PuPVlx,HoldL,L,good,True,0.10018823714794972,0.34336722097788325,0.24317898382993353,7,0.14285714285714285,1.0,1.0,success
task_side_quality_strict,v2_reference,sub-PuPVlx|MoveL,sub-PuPVlx,MoveL,L,good,good,1,sub-PuPVlx|MoveL,sub-PuPVlx,MoveL,L,good,True,0.008975142068523475,0.14167759660728016,0.13270245453875668,10,0.1,1.0,1.0,success
task_side_quality_strict,v2_reference,sub-QZTsn6|HoldL,sub-QZTsn6,HoldL,L,good,good,2,sub-PuPVlx|HoldL,sub-PuPVlx,HoldL,L,good,False,0.35892776496577,0.1955366397063374,-0.1633911252594326,7,0.14285714285714285,0.5,0.8333333333333334,other_subject_same_task_side
task_side_quality_strict,v2_reference,sub-QZTsn6|MoveL,sub-QZTsn6,MoveL,L,good,good,3,sub-PuPVlx|MoveL,sub-PuPVlx,MoveL,L,good,False,0.3405021892860632,0.12249395819095711,-0.2180082310951061,10,0.1,0.3333333333333333,0.7777777777777778,other_subject_same_task_side
task_side_quality_strict,v2_reference,sub-VopvKx|HoldR,sub-VopvKx,HoldR,R,caution,caution,1,sub-VopvKx|HoldR,sub-VopvKx,HoldR,R,caution,True,0.01081048986779696,,,1,1.0,1.0,1.0,success
task_side_quality_strict,v2_reference,sub-VopvKx|MoveR,sub-VopvKx,MoveR,R,caution,caution,1,sub-VopvKx|MoveR,sub-VopvKx,MoveR,R,caution,True,0.01840082283237839,,,1,1.0,1.0,1.0,success
task_side_quality_strict,v2_reference,sub-dCsWjQ|HoldL,sub-dCsWjQ,HoldL,L,good,good,5,sub-AbzsOg|HoldL,sub-AbzsOg,HoldL,L,good,False,0.6733716063225099,0.3906331498375399,-0.28273845648497004,7,0.14285714285714285,0.2,0.33333333333333337,other_subject_same_task_side
task_side_quality_strict,v2_reference,sub-dCsWjQ|MoveL,sub-dCsWjQ,MoveL,L,good,good,8,sub-PuPVlx|MoveL,sub-PuPVlx,MoveL,L,good,False,0.9143766919115247,0.4504825974797639,-0.46389409443176083,10,0.1,0.125,0.2222222222222222,other_subject_same_task_side
task_side_quality_strict,v2_reference,sub-gNX5yb|HoldL,sub-gNX5yb,HoldL,L,acceptable,acceptable,1,sub-gNX5yb|HoldL,sub-gNX5yb,HoldL,L,acceptable,True,0.27499517040753524,0.41834740326420333,0.1433522328566681,3,0.3333333333333333,1.0,1.0,success
task_side_quality_strict,v2_reference,sub-gNX5yb|MoveL,sub-gNX5yb,MoveL,L,good,good,1,sub-gNX5yb|MoveL,sub-gNX5yb,MoveL,L,good,True,0.14962184189454314,0.34105086803786033,0.1914290261433172,10,0.1,1.0,1.0,success
task_side_quality_strict,v2_reference,sub-hnetKS|HoldL,sub-hnetKS,HoldL,L,good,good,1,sub-hnetKS|HoldL,sub-hnetKS,HoldL,L,good,True,0.2759279162237444,0.8592415422139066,0.5833136259901621,7,0.14285714285714285,1.0,1.0,success
task_side_quality_strict,v2_reference,sub-hnetKS|MoveL,sub-hnetKS,MoveL,L,good,good,1,sub-hnetKS|MoveL,sub-hnetKS,MoveL,L,good,True,0.2765675627166289,0.9387154004003951,0.6621478376837662,10,0.1,1.0,1.0,success
task_side_quality_strict,v2_reference,sub-i4oK0F|HoldL,sub-i4oK0F,HoldL,L,acceptable,acceptable,1,sub-i4oK0F|HoldL,sub-i4oK0F,HoldL,L,acceptable,True,0.3170331576323295,0.448021418775079,0.13098826114274953,3,0.3333333333333333,1.0,1.0,success
task_side_quality_strict,v2_reference,sub-i4oK0F|MoveL,sub-i4oK0F,MoveL,L,caution,caution,1,sub-i4oK0F|MoveL,sub-i4oK0F,MoveL,L,caution,True,0.08889767592794051,,,1,1.0,1.0,1.0,success
task_side_quality_strict,v2_reference,sub-iDpl28|HoldR,sub-iDpl28,HoldR,R,unknown,unknown,1,sub-iDpl28|HoldR,sub-iDpl28,HoldR,R,unknown,True,0.3380983718692299,,,1,1.0,1.0,1.0,success
task_side_quality_strict,v2_reference,sub-jyC0j3|HoldR,sub-jyC0j3,HoldR,R,good,good,1,sub-jyC0j3|HoldR,sub-jyC0j3,HoldR,R,good,True,0.3487582428940685,0.5866864947708073,0.23792825187673877,3,0.3333333333333333,1.0,1.0,success
task_side_quality_strict,v2_reference,sub-jyC0j3|MoveR,sub-jyC0j3,MoveR,R,good,good,1,sub-jyC0j3|MoveR,sub-jyC0j3,MoveR,R,good,True,0.04317054573313239,0.7429004561376483,0.6997299104045159,2,0.5,1.0,1.0,success
task_side_quality_strict,v2_reference,sub-oLNpHd|HoldL,sub-oLNpHd,HoldL,L,unknown,unknown,1,sub-oLNpHd|HoldL,sub-oLNpHd,HoldL,L,unknown,True,0.133243867988222,,,1,1.0,1.0,1.0,success
task_side_quality_strict,v2_reference,sub-oLNpHd|MoveL,sub-oLNpHd,MoveL,L,unknown,unknown,1,sub-oLNpHd|MoveL,sub-oLNpHd,MoveL,L,unknown,True,0.14256514808763573,,,1,1.0,1.0,1.0,success
task_side_quality_strict,v2A_top5_aperiodic_rerank,sub-0cGdk9|HoldL,sub-0cGdk9,HoldL,L,good,good,1,sub-0cGdk9|HoldL,sub-0cGdk9,HoldL,L,good,True,-1.9386495246089952,-0.6993669115048866,1.2392826131041086,7,0.14285714285714285,1.0,1.0,success
task_side_quality_strict,v2A_top5_aperiodic_rerank,sub-0cGdk9|MoveL,sub-0cGdk9,MoveL,L,good,good,1,sub-0cGdk9|MoveL,sub-0cGdk9,MoveL,L,good,True,-1.4178729803624228,-0.9950158516784834,0.42285712868393943,10,0.1,1.0,1.0,success
task_side_quality_strict,v2A_top5_aperiodic_rerank,sub-2IU8mi|HoldL,sub-2IU8mi,HoldL,L,good,good,1,sub-2IU8mi|HoldL,sub-2IU8mi,HoldL,L,good,True,-1.5622065089877901,-1.2529331487756106,0.30927336021217955,7,0.14285714285714285,1.0,1.0,success
task_side_quality_strict,v2A_top5_aperiodic_rerank,sub-2IU8mi|MoveL,sub-2IU8mi,MoveL,L,good,good,1,sub-2IU8mi|MoveL,sub-2IU8mi,MoveL,L,good,True,-2.2779222038583335,-0.38837089501731603,1.8895513088410176,10,0.1,1.0,1.0,success
task_side_quality_strict,v2A_top5_aperiodic_rerank,sub-2IhVOz|HoldR,sub-2IhVOz,HoldR,R,good,good,3,sub-FIyfdR|HoldR,sub-FIyfdR,HoldR,R,good,False,0.6369644838418262,-1.1060912226801602,-1.7430557065219865,3,0.3333333333333333,0.3333333333333333,0.0,other_subject_same_task_side
task_side_quality_strict,v2A_top5_aperiodic_rerank,sub-2IhVOz|MoveR,sub-2IhVOz,MoveR,R,low_quality,low_quality,1,sub-2IhVOz|MoveR,sub-2IhVOz,MoveR,R,low_quality,True,-0.0,,,1,1.0,1.0,1.0,success
task_side_quality_strict,v2A_top5_aperiodic_rerank,sub-AB2PeX|HoldL,sub-AB2PeX,HoldL,L,low_quality,low_quality,1,sub-AB2PeX|HoldL,sub-AB2PeX,HoldL,L,low_quality,True,-0.0,,,1,1.0,1.0,1.0,success
task_side_quality_strict,v2A_top5_aperiodic_rerank,sub-AB2PeX|MoveL,sub-AB2PeX,MoveL,L,good,good,1,sub-AB2PeX|MoveL,sub-AB2PeX,MoveL,L,good,True,-2.598559234202104,0.20197543776908333,2.8005346719711874,10,0.1,1.0,1.0,success
task_side_quality_strict,v2A_top5_aperiodic_rerank,sub-AbzsOg|HoldL,sub-AbzsOg,HoldL,L,good,good,1,sub-AbzsOg|HoldL,sub-AbzsOg,HoldL,L,good,True,-2.2828242350543984,-0.042977580338703136,2.239846654715695,7,0.14285714285714285,1.0,1.0,success
task_side_quality_strict,v2A_top5_aperiodic_rerank,sub-AbzsOg|MoveL,sub-AbzsOg,MoveL,L,good,good,1,sub-AbzsOg|MoveL,sub-AbzsOg,MoveL,L,good,True,-2.3445770317918813,-0.19033447817339888,2.1542425536184826,10,0.1,1.0,1.0,success
task_side_quality_strict,v2A_top5_aperiodic_rerank,sub-FIyfdR|HoldR,sub-FIyfdR,HoldR,R,good,good,1,sub-FIyfdR|HoldR,sub-FIyfdR,HoldR,R,good,True,-2.093599431810784,0.9980085502760554,3.091607982086839,3,0.3333333333333333,1.0,1.0,success
task_side_quality_strict,v2A_top5_aperiodic_rerank,sub-FIyfdR|MoveR,sub-FIyfdR,MoveR,R,good,good,1,sub-FIyfdR|MoveR,sub-FIyfdR,MoveR,R,good,True,-1.5000000000000002,1.5,3.0,2,0.5,1.0,1.0,success
task_side_quality_strict,v2A_top5_aperiodic_rerank,sub-FYbcap|HoldL,sub-FYbcap,HoldL,L,acceptable,acceptable,1,sub-FYbcap|HoldL,sub-FYbcap,HoldL,L,acceptable,True,-1.8539211133039852,0.5634782004168162,2.4173993137208014,3,0.3333333333333333,1.0,1.0,success
task_side_quality_strict,v2A_top5_aperiodic_rerank,sub-FYbcap|MoveL,sub-FYbcap,MoveL,L,good,good,1,sub-FYbcap|MoveL,sub-FYbcap,MoveL,L,good,True,-1.588697174245297,-1.1166904047722739,0.4720067694730232,10,0.1,1.0,1.0,success
task_side_quality_strict,v2A_top5_aperiodic_rerank,sub-PuPVlx|HoldL,sub-PuPVlx,HoldL,L,good,good,1,sub-PuPVlx|HoldL,sub-PuPVlx,HoldL,L,good,True,-2.623194198795695,-0.44096912108114283,2.182225077714552,7,0.14285714285714285,1.0,1.0,success
task_side_quality_strict,v2A_top5_aperiodic_rerank,sub-PuPVlx|MoveL,sub-PuPVlx,MoveL,L,good,good,1,sub-PuPVlx|MoveL,sub-PuPVlx,MoveL,L,good,True,-2.272145884345203,-0.685062867582269,1.587083016762934,10,0.1,1.0,1.0,success
task_side_quality_strict,v2A_top5_aperiodic_rerank,sub-QZTsn6|HoldL,sub-QZTsn6,HoldL,L,good,good,1,sub-QZTsn6|HoldL,sub-QZTsn6,HoldL,L,good,True,-1.552799016725655,-1.457164749121182,0.0956342676044728,7,0.14285714285714285,1.0,1.0,success
task_side_quality_strict,v2A_top5_aperiodic_rerank,sub-QZTsn6|MoveL,sub-QZTsn6,MoveL,L,good,good,2,sub-PuPVlx|MoveL,sub-PuPVlx,MoveL,L,good,False,-0.9903076883118089,-1.1949829419609856,-0.2046752536491767,10,0.1,0.5,0.8888888888888888,other_subject_same_task_side
task_side_quality_strict,v2A_top5_aperiodic_rerank,sub-VopvKx|HoldR,sub-VopvKx,HoldR,R,caution,caution,1,sub-VopvKx|HoldR,sub-VopvKx,HoldR,R,caution,True,-0.0,,,1,1.0,1.0,1.0,success
task_side_quality_strict,v2A_top5_aperiodic_rerank,sub-VopvKx|MoveR,sub-VopvKx,MoveR,R,caution,caution,1,sub-VopvKx|MoveR,sub-VopvKx,MoveR,R,caution,True,-0.0,,,1,1.0,1.0,1.0,success
task_side_quality_strict,v2A_top5_aperiodic_rerank,sub-dCsWjQ|HoldL,sub-dCsWjQ,HoldL,L,good,good,4,sub-AbzsOg|HoldL,sub-AbzsOg,HoldL,L,good,False,1.008548433518541,-1.7803022757580917,-2.788850709276633,7,0.14285714285714285,0.25,0.5,other_subject_same_task_side
task_side_quality_strict,v2A_top5_aperiodic_rerank,sub-dCsWjQ|MoveL,sub-dCsWjQ,MoveL,L,good,good,8,sub-PuPVlx|MoveL,sub-PuPVlx,MoveL,L,good,False,1008.0,-1.4582709293617162,-1009.4582709293617,10,0.1,0.125,0.2222222222222222,other_subject_same_task_side
task_side_quality_strict,v2A_top5_aperiodic_rerank,sub-gNX5yb|HoldL,sub-gNX5yb,HoldL,L,acceptable,acceptable,1,sub-gNX5yb|HoldL,sub-gNX5yb,HoldL,L,acceptable,True,-1.5362486534084614,0.1765980333161325,1.712846686724594,3,0.3333333333333333,1.0,1.0,success
task_side_quality_strict,v2A_top5_aperiodic_rerank,sub-gNX5yb|MoveL,sub-gNX5yb,MoveL,L,good,good,1,sub-gNX5yb|MoveL,sub-gNX5yb,MoveL,L,good,True,-2.1470747823352694,-0.943098645871473,1.2039761364637964,10,0.1,1.0,1.0,success
task_side_quality_strict,v2A_top5_aperiodic_rerank,sub-hnetKS|HoldL,sub-hnetKS,HoldL,L,good,good,1,sub-hnetKS|HoldL,sub-hnetKS,HoldL,L,good,True,-2.466962300559163,-0.11048138333502536,2.3564809172241374,7,0.14285714285714285,1.0,1.0,success
task_side_quality_strict,v2A_top5_aperiodic_rerank,sub-hnetKS|MoveL,sub-hnetKS,MoveL,L,good,good,1,sub-hnetKS|MoveL,sub-hnetKS,MoveL,L,good,True,-2.7873941125292143,0.14592089511416934,2.9333150076433836,10,0.1,1.0,1.0,success
task_side_quality_strict,v2A_top5_aperiodic_rerank,sub-i4oK0F|HoldL,sub-i4oK0F,HoldL,L,acceptable,acceptable,1,sub-i4oK0F|HoldL,sub-i4oK0F,HoldL,L,acceptable,True,-1.5561845909521348,-0.47036015642887513,1.0858244345232597,3,0.3333333333333333,1.0,1.0,success
task_side_quality_strict,v2A_top5_aperiodic_rerank,sub-i4oK0F|MoveL,sub-i4oK0F,MoveL,L,caution,caution,1,sub-i4oK0F|MoveL,sub-i4oK0F,MoveL,L,caution,True,-0.0,,,1,1.0,1.0,1.0,success
task_side_quality_strict,v2A_top5_aperiodic_rerank,sub-iDpl28|HoldR,sub-iDpl28,HoldR,R,unknown,unknown,1,sub-iDpl28|HoldR,sub-iDpl28,HoldR,R,unknown,True,-0.0,,,1,1.0,1.0,1.0,success
task_side_quality_strict,v2A_top5_aperiodic_rerank,sub-jyC0j3|HoldR,sub-jyC0j3,HoldR,R,good,good,1,sub-jyC0j3|HoldR,sub-jyC0j3,HoldR,R,good,True,-1.8368602837819068,0.4050387309635128,2.2418990147454196,3,0.3333333333333333,1.0,1.0,success
task_side_quality_strict,v2A_top5_aperiodic_rerank,sub-jyC0j3|MoveR,sub-jyC0j3,MoveR,R,good,good,1,sub-jyC0j3|MoveR,sub-jyC0j3,MoveR,R,good,True,-1.5,1.5,3.0,2,0.5,1.0,1.0,success
task_side_quality_strict,v2A_top5_aperiodic_rerank,sub-oLNpHd|HoldL,sub-oLNpHd,HoldL,L,unknown,unknown,1,sub-oLNpHd|HoldL,sub-oLNpHd,HoldL,L,unknown,True,-0.0,,,1,1.0,1.0,1.0,success
task_side_quality_strict,v2A_top5_aperiodic_rerank,sub-oLNpHd|MoveL,sub-oLNpHd,MoveL,L,unknown,unknown,1,sub-oLNpHd|MoveL,sub-oLNpHd,MoveL,L,unknown,True,-0.0,,,1,1.0,1.0,1.0,success
task_side_quality_strict,v2B_gated_aperiodic_top5,sub-0cGdk9|HoldL,sub-0cGdk9,HoldL,L,good,good,1,sub-0cGdk9|HoldL,sub-0cGdk9,HoldL,L,good,True,-1.9386495246089943,-0.699366911504887,1.2392826131041073,7,0.14285714285714285,1.0,1.0,success
task_side_quality_strict,v2B_gated_aperiodic_top5,sub-0cGdk9|MoveL,sub-0cGdk9,MoveL,L,good,good,1,sub-0cGdk9|MoveL,sub-0cGdk9,MoveL,L,good,True,-1.417872980362431,-0.99501585167848,0.4228571286839511,10,0.1,1.0,1.0,success
task_side_quality_strict,v2B_gated_aperiodic_top5,sub-2IU8mi|HoldL,sub-2IU8mi,HoldL,L,good,good,1,sub-2IU8mi|HoldL,sub-2IU8mi,HoldL,L,good,True,-1.5622065089877886,-1.2529331487756092,0.3092733602121793,7,0.14285714285714285,1.0,1.0,success
task_side_quality_strict,v2B_gated_aperiodic_top5,sub-2IU8mi|MoveL,sub-2IU8mi,MoveL,L,good,good,1,sub-2IU8mi|MoveL,sub-2IU8mi,MoveL,L,good,True,-2.277922203858332,-0.38837089501731803,1.889551308841014,10,0.1,1.0,1.0,success
task_side_quality_strict,v2B_gated_aperiodic_top5,sub-2IhVOz|HoldR,sub-2IhVOz,HoldR,R,good,good,3,sub-FIyfdR|HoldR,sub-FIyfdR,HoldR,R,good,False,0.6369644838418231,-1.106091222680165,-1.743055706521988,3,0.3333333333333333,0.3333333333333333,0.0,other_subject_same_task_side
task_side_quality_strict,v2B_gated_aperiodic_top5,sub-2IhVOz|MoveR,sub-2IhVOz,MoveR,R,low_quality,low_quality,1,sub-2IhVOz|MoveR,sub-2IhVOz,MoveR,R,low_quality,True,-0.0,,,1,1.0,1.0,1.0,success
task_side_quality_strict,v2B_gated_aperiodic_top5,sub-AB2PeX|HoldL,sub-AB2PeX,HoldL,L,low_quality,low_quality,1,sub-AB2PeX|HoldL,sub-AB2PeX,HoldL,L,low_quality,True,-0.0,,,1,1.0,1.0,1.0,success
task_side_quality_strict,v2B_gated_aperiodic_top5,sub-AB2PeX|MoveL,sub-AB2PeX,MoveL,L,good,good,1,sub-AB2PeX|MoveL,sub-AB2PeX,MoveL,L,good,True,-2.5985592342021024,0.20197543776909688,2.8005346719711994,10,0.1,1.0,1.0,success
task_side_quality_strict,v2B_gated_aperiodic_top5,sub-AbzsOg|HoldL,sub-AbzsOg,HoldL,L,good,good,1,sub-AbzsOg|HoldL,sub-AbzsOg,HoldL,L,good,True,-2.282824235054402,-0.042977580338694116,2.239846654715708,7,0.14285714285714285,1.0,1.0,success
task_side_quality_strict,v2B_gated_aperiodic_top5,sub-AbzsOg|MoveL,sub-AbzsOg,MoveL,L,good,good,1,sub-AbzsOg|MoveL,sub-AbzsOg,MoveL,L,good,True,-2.344577031791873,-0.1903344781734129,2.15424255361846,10,0.1,1.0,1.0,success
task_side_quality_strict,v2B_gated_aperiodic_top5,sub-FIyfdR|HoldR,sub-FIyfdR,HoldR,R,good,good,1,sub-FIyfdR|HoldR,sub-FIyfdR,HoldR,R,good,True,-2.093599431810784,0.9980085502760541,3.091607982086838,3,0.3333333333333333,1.0,1.0,success
task_side_quality_strict,v2B_gated_aperiodic_top5,sub-FIyfdR|MoveR,sub-FIyfdR,MoveR,R,good,good,1,sub-FIyfdR|MoveR,sub-FIyfdR,MoveR,R,good,True,-1.5,1.5000000000000002,3.0,2,0.5,1.0,1.0,success
task_side_quality_strict,v2B_gated_aperiodic_top5,sub-FYbcap|HoldL,sub-FYbcap,HoldL,L,acceptable,acceptable,1,sub-FYbcap|HoldL,sub-FYbcap,HoldL,L,acceptable,True,-1.8539211133039846,0.56347820041682,2.4173993137208045,3,0.3333333333333333,1.0,1.0,success
task_side_quality_strict,v2B_gated_aperiodic_top5,sub-FYbcap|MoveL,sub-FYbcap,MoveL,L,good,good,1,sub-FYbcap|MoveL,sub-FYbcap,MoveL,L,good,True,-1.5886971742453038,-1.1166904047722706,0.4720067694730332,10,0.1,1.0,1.0,success
task_side_quality_strict,v2B_gated_aperiodic_top5,sub-PuPVlx|HoldL,sub-PuPVlx,HoldL,L,good,good,1,sub-PuPVlx|HoldL,sub-PuPVlx,HoldL,L,good,True,-2.623194198795697,-0.44096912108113995,2.1822250777145573,7,0.14285714285714285,1.0,1.0,success
task_side_quality_strict,v2B_gated_aperiodic_top5,sub-PuPVlx|MoveL,sub-PuPVlx,MoveL,L,good,good,1,sub-PuPVlx|MoveL,sub-PuPVlx,MoveL,L,good,True,-2.2721458843452025,-0.6850628675822704,1.5870830167629322,10,0.1,1.0,1.0,success
task_side_quality_strict,v2B_gated_aperiodic_top5,sub-QZTsn6|HoldL,sub-QZTsn6,HoldL,L,good,good,1,sub-QZTsn6|HoldL,sub-QZTsn6,HoldL,L,good,True,-1.552799016725654,-1.4571647491211828,0.09563426760447125,7,0.14285714285714285,1.0,1.0,success
task_side_quality_strict,v2B_gated_aperiodic_top5,sub-QZTsn6|MoveL,sub-QZTsn6,MoveL,L,good,good,2,sub-PuPVlx|MoveL,sub-PuPVlx,MoveL,L,good,False,-0.9903076883118083,-1.1949829419609848,-0.2046752536491765,10,0.1,0.5,0.8888888888888888,other_subject_same_task_side
task_side_quality_strict,v2B_gated_aperiodic_top5,sub-VopvKx|HoldR,sub-VopvKx,HoldR,R,caution,caution,1,sub-VopvKx|HoldR,sub-VopvKx,HoldR,R,caution,True,-0.0,,,1,1.0,1.0,1.0,success
task_side_quality_strict,v2B_gated_aperiodic_top5,sub-VopvKx|MoveR,sub-VopvKx,MoveR,R,caution,caution,1,sub-VopvKx|MoveR,sub-VopvKx,MoveR,R,caution,True,-0.0,,,1,1.0,1.0,1.0,success
task_side_quality_strict,v2B_gated_aperiodic_top5,sub-dCsWjQ|HoldL,sub-dCsWjQ,HoldL,L,good,good,4,sub-AbzsOg|HoldL,sub-AbzsOg,HoldL,L,good,False,1.008548433518522,-1.7803022757580873,-2.788850709276609,7,0.14285714285714285,0.25,0.5,other_subject_same_task_side
task_side_quality_strict,v2B_gated_aperiodic_top5,sub-dCsWjQ|MoveL,sub-dCsWjQ,MoveL,L,good,good,8,sub-PuPVlx|MoveL,sub-PuPVlx,MoveL,L,good,False,1008.0,-1.4582709293617155,-1009.4582709293617,10,0.1,0.125,0.2222222222222222,other_subject_same_task_side
task_side_quality_strict,v2B_gated_aperiodic_top5,sub-gNX5yb|HoldL,sub-gNX5yb,HoldL,L,acceptable,acceptable,1,sub-gNX5yb|HoldL,sub-gNX5yb,HoldL,L,acceptable,True,-1.536248653408463,0.17659803331613538,1.7128466867245984,3,0.3333333333333333,1.0,1.0,success
task_side_quality_strict,v2B_gated_aperiodic_top5,sub-gNX5yb|MoveL,sub-gNX5yb,MoveL,L,good,good,1,sub-gNX5yb|MoveL,sub-gNX5yb,MoveL,L,good,True,-2.1470747823352627,-0.9430986458714736,1.203976136463789,10,0.1,1.0,1.0,success
task_side_quality_strict,v2B_gated_aperiodic_top5,sub-hnetKS|HoldL,sub-hnetKS,HoldL,L,good,good,1,sub-hnetKS|HoldL,sub-hnetKS,HoldL,L,good,True,-2.4669623005591683,-0.11048138333500707,2.3564809172241614,7,0.14285714285714285,1.0,1.0,success
task_side_quality_strict,v2B_gated_aperiodic_top5,sub-hnetKS|MoveL,sub-hnetKS,MoveL,L,good,good,1,sub-hnetKS|MoveL,sub-hnetKS,MoveL,L,good,True,-2.787394112529217,0.14592089511416684,2.933315007643384,10,0.1,1.0,1.0,success
task_side_quality_strict,v2B_gated_aperiodic_top5,sub-i4oK0F|HoldL,sub-i4oK0F,HoldL,L,acceptable,acceptable,1,sub-i4oK0F|HoldL,sub-i4oK0F,HoldL,L,acceptable,True,-1.5561845909521355,-0.4703601564288752,1.0858244345232602,3,0.3333333333333333,1.0,1.0,success
task_side_quality_strict,v2B_gated_aperiodic_top5,sub-i4oK0F|MoveL,sub-i4oK0F,MoveL,L,caution,caution,1,sub-i4oK0F|MoveL,sub-i4oK0F,MoveL,L,caution,True,-0.0,,,1,1.0,1.0,1.0,success
task_side_quality_strict,v2B_gated_aperiodic_top5,sub-iDpl28|HoldR,sub-iDpl28,HoldR,R,unknown,unknown,1,sub-iDpl28|HoldR,sub-iDpl28,HoldR,R,unknown,True,-0.0,,,1,1.0,1.0,1.0,success
task_side_quality_strict,v2B_gated_aperiodic_top5,sub-jyC0j3|HoldR,sub-jyC0j3,HoldR,R,good,good,1,sub-jyC0j3|HoldR,sub-jyC0j3,HoldR,R,good,True,-1.8368602837819068,0.40503873096351184,2.2418990147454188,3,0.3333333333333333,1.0,1.0,success
task_side_quality_strict,v2B_gated_aperiodic_top5,sub-jyC0j3|MoveR,sub-jyC0j3,MoveR,R,good,good,1,sub-jyC0j3|MoveR,sub-jyC0j3,MoveR,R,good,True,-1.5,1.5,3.0,2,0.5,1.0,1.0,success
task_side_quality_strict,v2B_gated_aperiodic_top5,sub-oLNpHd|HoldL,sub-oLNpHd,HoldL,L,unknown,unknown,1,sub-oLNpHd|HoldL,sub-oLNpHd,HoldL,L,unknown,True,-0.0,,,1,1.0,1.0,1.0,success
task_side_quality_strict,v2B_gated_aperiodic_top5,sub-oLNpHd|MoveL,sub-oLNpHd,MoveL,L,unknown,unknown,1,sub-oLNpHd|MoveL,sub-oLNpHd,MoveL,L,unknown,True,-0.0,,,1,1.0,1.0,1.0,success
task_family_side_quality_ignored,v2_reference,sub-0cGdk9|HoldL,sub-0cGdk9,HoldL,L,good,good,1,sub-0cGdk9|HoldL,sub-0cGdk9,HoldL,L,good,True,0.05495877352468829,0.30086184243975084,0.24590306891506256,12,0.08333333333333333,1.0,1.0,success
task_family_side_quality_ignored,v2_reference,sub-0cGdk9|MoveL,sub-0cGdk9,MoveL,L,good,good,1,sub-0cGdk9|MoveL,sub-0cGdk9,MoveL,L,good,True,0.05944784815426929,0.2258276079005641,0.16637975974629482,12,0.08333333333333333,1.0,1.0,success
task_family_side_quality_ignored,v2_reference,sub-2IU8mi|HoldL,sub-2IU8mi,HoldL,L,good,good,3,sub-0cGdk9|HoldL,sub-0cGdk9,HoldL,L,good,False,0.328689068912138,0.21949368921348408,-0.10919537969865392,12,0.08333333333333333,0.3333333333333333,0.8181818181818181,other_subject_same_task_side
task_family_side_quality_ignored,v2_reference,sub-2IU8mi|MoveL,sub-2IU8mi,MoveL,L,good,good,1,sub-2IU8mi|MoveL,sub-2IU8mi,MoveL,L,good,True,0.04743572890594248,0.17490052071045845,0.12746479180451598,12,0.08333333333333333,1.0,1.0,success
task_family_side_quality_ignored,v2_reference,sub-2IhVOz|HoldR,sub-2IhVOz,HoldR,R,good,good,4,sub-VopvKx|HoldR,sub-VopvKx,HoldR,R,caution,False,1.3254485296083243,0.3949288112746186,-0.9305197183337057,5,0.2,0.25,0.25,quality_related
task_family_side_quality_ignored,v2_reference,sub-2IhVOz|MoveR,sub-2IhVOz,MoveR,R,low_quality,low_quality,4,sub-VopvKx|MoveR,sub-VopvKx,MoveR,R,caution,False,1.2810196469187163,0.6784301235877654,-0.6025895233309508,4,0.25,0.25,0.0,quality_related
task_family_side_quality_ignored,v2_reference,sub-AB2PeX|HoldL,sub-AB2PeX,HoldL,L,low_quality,low_quality,2,sub-gNX5yb|HoldL,sub-gNX5yb,HoldL,L,acceptable,False,0.3309516127494058,0.2331033883113299,-0.09784822443807592,12,0.08333333333333333,0.5,0.9090909090909091,quality_related
task_family_side_quality_ignored,v2_reference,sub-AB2PeX|MoveL,sub-AB2PeX,MoveL,L,good,good,1,sub-AB2PeX|MoveL,sub-AB2PeX,MoveL,L,good,True,0.04698603144549063,0.5521378186275574,0.5051517871820668,12,0.08333333333333333,1.0,1.0,success
task_family_side_quality_ignored,v2_reference,sub-AbzsOg|HoldL,sub-AbzsOg,HoldL,L,good,good,1,sub-AbzsOg|HoldL,sub-AbzsOg,HoldL,L,good,True,0.3999109609027121,0.6177914265182638,0.2178804656155517,12,0.08333333333333333,1.0,1.0,success
task_family_side_quality_ignored,v2_reference,sub-AbzsOg|MoveL,sub-AbzsOg,MoveL,L,good,good,1,sub-AbzsOg|MoveL,sub-AbzsOg,MoveL,L,good,True,0.3832058208194775,0.5342077919941471,0.15100197117466962,12,0.08333333333333333,1.0,1.0,success
task_family_side_quality_ignored,v2_reference,sub-FIyfdR|HoldR,sub-FIyfdR,HoldR,R,good,good,1,sub-FIyfdR|HoldR,sub-FIyfdR,HoldR,R,good,True,0.0357190494441317,0.44502754672704564,0.40930849728291396,5,0.2,1.0,1.0,success
task_family_side_quality_ignored,v2_reference,sub-FIyfdR|MoveR,sub-FIyfdR,MoveR,R,good,good,1,sub-FIyfdR|MoveR,sub-FIyfdR,MoveR,R,good,True,0.5086171309825672,0.7393396300640819,0.23072249908151465,4,0.25,1.0,1.0,success
task_family_side_quality_ignored,v2_reference,sub-FYbcap|HoldL,sub-FYbcap,HoldL,L,acceptable,acceptable,1,sub-FYbcap|HoldL,sub-FYbcap,HoldL,L,acceptable,True,0.1786997994628672,0.3335220509031833,0.1548222514403161,12,0.08333333333333333,1.0,1.0,success
task_family_side_quality_ignored,v2_reference,sub-FYbcap|MoveL,sub-FYbcap,MoveL,L,good,good,2,sub-AB2PeX|MoveL,sub-AB2PeX,MoveL,L,good,False,0.38052562311927834,0.2711783865314233,-0.10934723658785506,12,0.08333333333333333,0.5,0.9090909090909091,other_subject_same_task_side
task_family_side_quality_ignored,v2_reference,sub-PuPVlx|HoldL,sub-PuPVlx,HoldL,L,good,good,1,sub-PuPVlx|HoldL,sub-PuPVlx,HoldL,L,good,True,0.10018823714794972,0.29801122445441736,0.19782298730646763,12,0.08333333333333333,1.0,1.0,success
task_family_side_quality_ignored,v2_reference,sub-PuPVlx|MoveL,sub-PuPVlx,MoveL,L,good,good,1,sub-PuPVlx|MoveL,sub-PuPVlx,MoveL,L,good,True,0.008975142068523475,0.14167759660728016,0.13270245453875668,12,0.08333333333333333,1.0,1.0,success
task_family_side_quality_ignored,v2_reference,sub-QZTsn6|HoldL,sub-QZTsn6,HoldL,L,good,good,2,sub-PuPVlx|HoldL,sub-PuPVlx,HoldL,L,good,False,0.35892776496577,0.1955366397063374,-0.1633911252594326,12,0.08333333333333333,0.5,0.9090909090909091,other_subject_same_task_side
task_family_side_quality_ignored,v2_reference,sub-QZTsn6|MoveL,sub-QZTsn6,MoveL,L,good,good,3,sub-PuPVlx|MoveL,sub-PuPVlx,MoveL,L,good,False,0.3405021892860632,0.12249395819095711,-0.2180082310951061,12,0.08333333333333333,0.3333333333333333,0.8181818181818181,other_subject_same_task_side
task_family_side_quality_ignored,v2_reference,sub-VopvKx|HoldR,sub-VopvKx,HoldR,R,caution,caution,1,sub-VopvKx|HoldR,sub-VopvKx,HoldR,R,caution,True,0.01081048986779696,0.7395878365369618,0.7287773466691648,5,0.2,1.0,1.0,success
task_family_side_quality_ignored,v2_reference,sub-VopvKx|MoveR,sub-VopvKx,MoveR,R,caution,caution,1,sub-VopvKx|MoveR,sub-VopvKx,MoveR,R,caution,True,0.01840082283237839,0.43222294053796495,0.4138221177055866,4,0.25,1.0,1.0,success
task_family_side_quality_ignored,v2_reference,sub-dCsWjQ|HoldL,sub-dCsWjQ,HoldL,L,good,good,8,sub-i4oK0F|HoldL,sub-i4oK0F,HoldL,L,acceptable,False,0.6733716063225099,0.3567879931383066,-0.3165836131842033,12,0.08333333333333333,0.125,0.36363636363636365,quality_related
task_family_side_quality_ignored,v2_reference,sub-dCsWjQ|MoveL,sub-dCsWjQ,MoveL,L,good,good,10,sub-i4oK0F|MoveL,sub-i4oK0F,MoveL,L,caution,False,0.9143766919115247,0.3018732221819516,-0.612503469729573,12,0.08333333333333333,0.1,0.18181818181818177,quality_related
task_family_side_quality_ignored,v2_reference,sub-gNX5yb|HoldL,sub-gNX5yb,HoldL,L,acceptable,acceptable,1,sub-gNX5yb|HoldL,sub-gNX5yb,HoldL,L,acceptable,True,0.27499517040753524,0.4028843976539562,0.127889227246421,12,0.08333333333333333,1.0,1.0,success
task_family_side_quality_ignored,v2_reference,sub-gNX5yb|MoveL,sub-gNX5yb,MoveL,L,good,good,1,sub-gNX5yb|MoveL,sub-gNX5yb,MoveL,L,good,True,0.14962184189454314,0.34105086803786033,0.1914290261433172,12,0.08333333333333333,1.0,1.0,success
task_family_side_quality_ignored,v2_reference,sub-hnetKS|HoldL,sub-hnetKS,HoldL,L,good,good,1,sub-hnetKS|HoldL,sub-hnetKS,HoldL,L,good,True,0.2759279162237444,0.8592415422139066,0.5833136259901621,12,0.08333333333333333,1.0,1.0,success
task_family_side_quality_ignored,v2_reference,sub-hnetKS|MoveL,sub-hnetKS,MoveL,L,good,good,1,sub-hnetKS|MoveL,sub-hnetKS,MoveL,L,good,True,0.2765675627166289,0.9387154004003951,0.6621478376837662,12,0.08333333333333333,1.0,1.0,success
task_family_side_quality_ignored,v2_reference,sub-i4oK0F|HoldL,sub-i4oK0F,HoldL,L,acceptable,acceptable,2,sub-PuPVlx|HoldL,sub-PuPVlx,HoldL,L,good,False,0.3170331576323295,0.28678544958925123,-0.030247708043078247,12,0.08333333333333333,0.5,0.9090909090909091,quality_related
task_family_side_quality_ignored,v2_reference,sub-i4oK0F|MoveL,sub-i4oK0F,MoveL,L,caution,caution,1,sub-i4oK0F|MoveL,sub-i4oK0F,MoveL,L,caution,True,0.08889767592794051,0.14287690164983097,0.053979225721890456,12,0.08333333333333333,1.0,1.0,success
task_family_side_quality_ignored,v2_reference,sub-iDpl28|HoldR,sub-iDpl28,HoldR,R,unknown,unknown,1,sub-iDpl28|HoldR,sub-iDpl28,HoldR,R,unknown,True,0.3380983718692299,0.5142064183274019,0.17610804645817196,5,0.2,1.0,1.0,success
task_family_side_quality_ignored,v2_reference,sub-jyC0j3|HoldR,sub-jyC0j3,HoldR,R,good,good,2,sub-VopvKx|HoldR,sub-VopvKx,HoldR,R,caution,False,0.3487582428940685,0.21886480780098502,-0.12989343509308346,5,0.2,0.5,0.75,quality_related
task_family_side_quality_ignored,v2_reference,sub-jyC0j3|MoveR,sub-jyC0j3,MoveR,R,good,good,1,sub-jyC0j3|MoveR,sub-jyC0j3,MoveR,R,good,True,0.04317054573313239,0.27425650889890774,0.23108596316577534,4,0.25,1.0,1.0,success
task_family_side_quality_ignored,v2_reference,sub-oLNpHd|HoldL,sub-oLNpHd,HoldL,L,unknown,unknown,1,sub-oLNpHd|HoldL,sub-oLNpHd,HoldL,L,unknown,True,0.133243867988222,0.3233163453707952,0.19007247738257319,12,0.08333333333333333,1.0,1.0,success
task_family_side_quality_ignored,v2_reference,sub-oLNpHd|MoveL,sub-oLNpHd,MoveL,L,unknown,unknown,1,sub-oLNpHd|MoveL,sub-oLNpHd,MoveL,L,unknown,True,0.14256514808763573,0.25680570124656016,0.11424055315892442,12,0.08333333333333333,1.0,1.0,success
task_family_side_quality_ignored,v2A_top5_aperiodic_rerank,sub-0cGdk9|HoldL,sub-0cGdk9,HoldL,L,good,good,1,sub-0cGdk9|HoldL,sub-0cGdk9,HoldL,L,good,True,-2.446218365079699,-0.24720173095143758,2.1990166341282613,12,0.08333333333333333,1.0,1.0,success
task_family_side_quality_ignored,v2A_top5_aperiodic_rerank,sub-0cGdk9|MoveL,sub-0cGdk9,MoveL,L,good,good,1,sub-0cGdk9|MoveL,sub-0cGdk9,MoveL,L,good,True,-1.5716931560626919,-0.8343061250692119,0.73738703099348,12,0.08333333333333333,1.0,1.0,success
task_family_side_quality_ignored,v2A_top5_aperiodic_rerank,sub-2IU8mi|HoldL,sub-2IU8mi,HoldL,L,good,good,3,sub-0cGdk9|HoldL,sub-0cGdk9,HoldL,L,good,False,-0.6163560413287591,-1.1564102571085861,-0.540054215779827,12,0.08333333333333333,0.3333333333333333,0.8181818181818181,other_subject_same_task_side
task_family_side_quality_ignored,v2A_top5_aperiodic_rerank,sub-2IU8mi|MoveL,sub-2IU8mi,MoveL,L,good,good,1,sub-2IU8mi|MoveL,sub-2IU8mi,MoveL,L,good,True,-2.0609378641566307,-0.5248398271106759,1.5360980370459547,12,0.08333333333333333,1.0,1.0,success
task_family_side_quality_ignored,v2A_top5_aperiodic_rerank,sub-2IhVOz|HoldR,sub-2IhVOz,HoldR,R,good,good,4,sub-FIyfdR|HoldR,sub-FIyfdR,HoldR,R,good,False,0.058055474773840765,-0.8835376662779117,-0.9415931410517525,5,0.2,0.25,0.25,other_subject_same_task_side
task_family_side_quality_ignored,v2A_top5_aperiodic_rerank,sub-2IhVOz|MoveR,sub-2IhVOz,MoveR,R,low_quality,low_quality,4,sub-jyC0j3|MoveR,sub-jyC0j3,MoveR,R,good,False,1.5468717531196305,-0.5472887307719986,-2.094160483891629,4,0.25,0.25,0.0,quality_related
task_family_side_quality_ignored,v2A_top5_aperiodic_rerank,sub-AB2PeX|HoldL,sub-AB2PeX,HoldL,L,low_quality,low_quality,1,sub-AB2PeX|HoldL,sub-AB2PeX,HoldL,L,low_quality,True,-1.265961713460856,-0.7811566518687864,0.4848050615920697,12,0.08333333333333333,1.0,1.0,success
task_family_side_quality_ignored,v2A_top5_aperiodic_rerank,sub-AB2PeX|MoveL,sub-AB2PeX,MoveL,L,good,good,1,sub-AB2PeX|MoveL,sub-AB2PeX,MoveL,L,good,True,-2.598559234202104,0.20197543776908333,2.8005346719711874,12,0.08333333333333333,1.0,1.0,success
task_family_side_quality_ignored,v2A_top5_aperiodic_rerank,sub-AbzsOg|HoldL,sub-AbzsOg,HoldL,L,good,good,1,sub-AbzsOg|HoldL,sub-AbzsOg,HoldL,L,good,True,-2.393246205238893,-0.07085174646722794,2.322394458771665,12,0.08333333333333333,1.0,1.0,success
task_family_side_quality_ignored,v2A_top5_aperiodic_rerank,sub-AbzsOg|MoveL,sub-AbzsOg,MoveL,L,good,good,1,sub-AbzsOg|MoveL,sub-AbzsOg,MoveL,L,good,True,-2.3511721746001477,-0.5976501061626918,1.753522068437456,12,0.08333333333333333,1.0,1.0,success
task_family_side_quality_ignored,v2A_top5_aperiodic_rerank,sub-FIyfdR|HoldR,sub-FIyfdR,HoldR,R,good,good,1,sub-FIyfdR|HoldR,sub-FIyfdR,HoldR,R,good,True,-2.293811467804866,-0.959538475292246,1.3342729925126198,5,0.2,1.0,1.0,success
task_family_side_quality_ignored,v2A_top5_aperiodic_rerank,sub-FIyfdR|MoveR,sub-FIyfdR,MoveR,R,good,good,1,sub-FIyfdR|MoveR,sub-FIyfdR,MoveR,R,good,True,-1.9463958386091273,-0.7953805860535205,1.1510152525556068,4,0.25,1.0,1.0,success
task_family_side_quality_ignored,v2A_top5_aperiodic_rerank,sub-FYbcap|HoldL,sub-FYbcap,HoldL,L,acceptable,acceptable,1,sub-FYbcap|HoldL,sub-FYbcap,HoldL,L,acceptable,True,-2.11610051265162,-0.7228522012432842,1.3932483114083358,12,0.08333333333333333,1.0,1.0,success
task_family_side_quality_ignored,v2A_top5_aperiodic_rerank,sub-FYbcap|MoveL,sub-FYbcap,MoveL,L,good,good,1,sub-FYbcap|MoveL,sub-FYbcap,MoveL,L,good,True,-1.6540391470816764,-1.4177370017645785,0.23630214531709792,12,0.08333333333333333,1.0,1.0,success
task_family_side_quality_ignored,v2A_top5_aperiodic_rerank,sub-PuPVlx|HoldL,sub-PuPVlx,HoldL,L,good,good,1,sub-PuPVlx|HoldL,sub-PuPVlx,HoldL,L,good,True,-2.26672411579035,-0.5941676601960971,1.6725564555942531,12,0.08333333333333333,1.0,1.0,success
task_family_side_quality_ignored,v2A_top5_aperiodic_rerank,sub-PuPVlx|MoveL,sub-PuPVlx,MoveL,L,good,good,1,sub-PuPVlx|MoveL,sub-PuPVlx,MoveL,L,good,True,-2.0798191374138826,-0.18661615238683404,1.8932029850270484,12,0.08333333333333333,1.0,1.0,success
task_family_side_quality_ignored,v2A_top5_aperiodic_rerank,sub-QZTsn6|HoldL,sub-QZTsn6,HoldL,L,good,good,2,sub-PuPVlx|HoldL,sub-PuPVlx,HoldL,L,good,False,-1.1849699402038638,-1.4716188483262962,-0.2866489081224324,12,0.08333333333333333,0.5,0.9090909090909091,other_subject_same_task_side
task_family_side_quality_ignored,v2A_top5_aperiodic_rerank,sub-QZTsn6|MoveL,sub-QZTsn6,MoveL,L,good,good,2,sub-PuPVlx|MoveL,sub-PuPVlx,MoveL,L,good,False,-0.5957526470281513,-1.5249935758303035,-0.9292409288021521,12,0.08333333333333333,0.5,0.9090909090909091,other_subject_same_task_side
task_family_side_quality_ignored,v2A_top5_aperiodic_rerank,sub-VopvKx|HoldR,sub-VopvKx,HoldR,R,caution,caution,1,sub-VopvKx|HoldR,sub-VopvKx,HoldR,R,caution,True,-2.0736283094933525,-0.6497196065410461,1.4239087029523065,5,0.2,1.0,1.0,success
task_family_side_quality_ignored,v2A_top5_aperiodic_rerank,sub-VopvKx|MoveR,sub-VopvKx,MoveR,R,caution,caution,1,sub-VopvKx|MoveR,sub-VopvKx,MoveR,R,caution,True,-2.005751007602679,-0.6441751102402694,1.3615758973624095,4,0.25,1.0,1.0,success
task_family_side_quality_ignored,v2A_top5_aperiodic_rerank,sub-dCsWjQ|HoldL,sub-dCsWjQ,HoldL,L,good,good,8,sub-i4oK0F|HoldL,sub-i4oK0F,HoldL,L,acceptable,False,1008.0,-1.4339250901444367,-1009.4339250901444,12,0.08333333333333333,0.125,0.36363636363636365,quality_related
task_family_side_quality_ignored,v2A_top5_aperiodic_rerank,sub-dCsWjQ|MoveL,sub-dCsWjQ,MoveL,L,good,good,10,sub-i4oK0F|MoveL,sub-i4oK0F,MoveL,L,caution,False,1010.0,-1.8035711366792355,-1011.8035711366792,12,0.08333333333333333,0.1,0.18181818181818177,quality_related
task_family_side_quality_ignored,v2A_top5_aperiodic_rerank,sub-gNX5yb|HoldL,sub-gNX5yb,HoldL,L,acceptable,acceptable,1,sub-gNX5yb|HoldL,sub-gNX5yb,HoldL,L,acceptable,True,-2.0920483989706264,-0.7662373609132589,1.3258110380573676,12,0.08333333333333333,1.0,1.0,success
task_family_side_quality_ignored,v2A_top5_aperiodic_rerank,sub-gNX5yb|MoveL,sub-gNX5yb,MoveL,L,good,good,1,sub-gNX5yb|MoveL,sub-gNX5yb,MoveL,L,good,True,-2.300531551381514,-0.49907826864639704,1.801453282735117,12,0.08333333333333333,1.0,1.0,success
task_family_side_quality_ignored,v2A_top5_aperiodic_rerank,sub-hnetKS|HoldL,sub-hnetKS,HoldL,L,good,good,1,sub-hnetKS|HoldL,sub-hnetKS,HoldL,L,good,True,-2.7217773717859846,0.2691828052139109,2.9909601769998955,12,0.08333333333333333,1.0,1.0,success
task_family_side_quality_ignored,v2A_top5_aperiodic_rerank,sub-hnetKS|MoveL,sub-hnetKS,MoveL,L,good,good,1,sub-hnetKS|MoveL,sub-hnetKS,MoveL,L,good,True,-2.7873941125292143,0.14592089511416934,2.9333150076433836,12,0.08333333333333333,1.0,1.0,success
task_family_side_quality_ignored,v2A_top5_aperiodic_rerank,sub-i4oK0F|HoldL,sub-i4oK0F,HoldL,L,acceptable,acceptable,1,sub-i4oK0F|HoldL,sub-i4oK0F,HoldL,L,acceptable,True,-1.647042914895777,-0.6840221253338472,0.9630207895619298,12,0.08333333333333333,1.0,1.0,success
task_family_side_quality_ignored,v2A_top5_aperiodic_rerank,sub-i4oK0F|MoveL,sub-i4oK0F,MoveL,L,caution,caution,1,sub-i4oK0F|MoveL,sub-i4oK0F,MoveL,L,caution,True,-1.7977087268612653,-0.4416743386080254,1.35603438825324,12,0.08333333333333333,1.0,1.0,success
task_family_side_quality_ignored,v2A_top5_aperiodic_rerank,sub-iDpl28|HoldR,sub-iDpl28,HoldR,R,unknown,unknown,1,sub-iDpl28|HoldR,sub-iDpl28,HoldR,R,unknown,True,-2.4066050731179733,-0.43524496704401194,1.9713601060739614,5,0.2,1.0,1.0,success
task_family_side_quality_ignored,v2A_top5_aperiodic_rerank,sub-jyC0j3|HoldR,sub-jyC0j3,HoldR,R,good,good,2,sub-VopvKx|HoldR,sub-VopvKx,HoldR,R,caution,False,-1.629611103643498,-1.6448322840229725,-0.01522118037947462,5,0.2,0.5,0.75,quality_related
task_family_side_quality_ignored,v2A_top5_aperiodic_rerank,sub-jyC0j3|MoveR,sub-jyC0j3,MoveR,R,good,good,1,sub-jyC0j3|MoveR,sub-jyC0j3,MoveR,R,good,True,-2.0214264574824874,-0.8162095974198309,1.2052168600626565,4,0.25,1.0,1.0,success
task_family_side_quality_ignored,v2A_top5_aperiodic_rerank,sub-oLNpHd|HoldL,sub-oLNpHd,HoldL,L,unknown,unknown,1,sub-oLNpHd|HoldL,sub-oLNpHd,HoldL,L,unknown,True,-2.3344948259950176,-0.5199462907934925,1.8145485352015251,12,0.08333333333333333,1.0,1.0,success
task_family_side_quality_ignored,v2A_top5_aperiodic_rerank,sub-oLNpHd|MoveL,sub-oLNpHd,MoveL,L,unknown,unknown,1,sub-oLNpHd|MoveL,sub-oLNpHd,MoveL,L,unknown,True,-2.2080418761757588,-0.5251372325312058,1.682904643644553,12,0.08333333333333333,1.0,1.0,success
task_family_side_quality_ignored,v2B_gated_aperiodic_top5,sub-0cGdk9|HoldL,sub-0cGdk9,HoldL,L,good,good,1,sub-0cGdk9|HoldL,sub-0cGdk9,HoldL,L,good,True,-2.446218365079698,-0.24720173095143877,2.199016634128259,12,0.08333333333333333,1.0,1.0,success
task_family_side_quality_ignored,v2B_gated_aperiodic_top5,sub-0cGdk9|MoveL,sub-0cGdk9,MoveL,L,good,good,1,sub-0cGdk9|MoveL,sub-0cGdk9,MoveL,L,good,True,-1.5716931560626992,-0.8343061250692081,0.7373870309934911,12,0.08333333333333333,1.0,1.0,success
task_family_side_quality_ignored,v2B_gated_aperiodic_top5,sub-2IU8mi|HoldL,sub-2IU8mi,HoldL,L,good,good,3,sub-0cGdk9|HoldL,sub-0cGdk9,HoldL,L,good,False,-0.6163560413287507,-1.1564102571085892,-0.5400542157798386,12,0.08333333333333333,0.3333333333333333,0.8181818181818181,other_subject_same_task_side
task_family_side_quality_ignored,v2B_gated_aperiodic_top5,sub-2IU8mi|MoveL,sub-2IU8mi,MoveL,L,good,good,1,sub-2IU8mi|MoveL,sub-2IU8mi,MoveL,L,good,True,-2.060937864156627,-0.52483982711068,1.5360980370459472,12,0.08333333333333333,1.0,1.0,success
task_family_side_quality_ignored,v2B_gated_aperiodic_top5,sub-2IhVOz|HoldR,sub-2IhVOz,HoldR,R,good,good,4,sub-FIyfdR|HoldR,sub-FIyfdR,HoldR,R,good,False,0.058055474773834104,-0.8835376662778972,-0.9415931410517313,5,0.2,0.25,0.25,other_subject_same_task_side
task_family_side_quality_ignored,v2B_gated_aperiodic_top5,sub-2IhVOz|MoveR,sub-2IhVOz,MoveR,R,low_quality,low_quality,4,sub-jyC0j3|MoveR,sub-jyC0j3,MoveR,R,good,False,1.5468717531196234,-0.547288730772005,-2.0941604838916286,4,0.25,0.25,0.0,quality_related
task_family_side_quality_ignored,v2B_gated_aperiodic_top5,sub-AB2PeX|HoldL,sub-AB2PeX,HoldL,L,low_quality,low_quality,1,sub-AB2PeX|HoldL,sub-AB2PeX,HoldL,L,low_quality,True,-1.2659617134608299,-0.7811566518688012,0.48480506159202863,12,0.08333333333333333,1.0,1.0,success
task_family_side_quality_ignored,v2B_gated_aperiodic_top5,sub-AB2PeX|MoveL,sub-AB2PeX,MoveL,L,good,good,1,sub-AB2PeX|MoveL,sub-AB2PeX,MoveL,L,good,True,-2.5985592342021024,0.20197543776909688,2.8005346719711994,12,0.08333333333333333,1.0,1.0,success
task_family_side_quality_ignored,v2B_gated_aperiodic_top5,sub-AbzsOg|HoldL,sub-AbzsOg,HoldL,L,good,good,1,sub-AbzsOg|HoldL,sub-AbzsOg,HoldL,L,good,True,-2.3932462052388956,-0.07085174646723086,2.3223944587716647,12,0.08333333333333333,1.0,1.0,success
task_family_side_quality_ignored,v2B_gated_aperiodic_top5,sub-AbzsOg|MoveL,sub-AbzsOg,MoveL,L,good,good,1,sub-AbzsOg|MoveL,sub-AbzsOg,MoveL,L,good,True,-2.3511721746001415,-0.5976501061626933,1.7535220684374482,12,0.08333333333333333,1.0,1.0,success
task_family_side_quality_ignored,v2B_gated_aperiodic_top5,sub-FIyfdR|HoldR,sub-FIyfdR,HoldR,R,good,good,1,sub-FIyfdR|HoldR,sub-FIyfdR,HoldR,R,good,True,-2.293811467804864,-0.9595384752922466,1.3342729925126173,5,0.2,1.0,1.0,success
task_family_side_quality_ignored,v2B_gated_aperiodic_top5,sub-FIyfdR|MoveR,sub-FIyfdR,MoveR,R,good,good,1,sub-FIyfdR|MoveR,sub-FIyfdR,MoveR,R,good,True,-1.946395838609127,-0.795380586053521,1.1510152525556059,4,0.25,1.0,1.0,success
task_family_side_quality_ignored,v2B_gated_aperiodic_top5,sub-FYbcap|HoldL,sub-FYbcap,HoldL,L,acceptable,acceptable,1,sub-FYbcap|HoldL,sub-FYbcap,HoldL,L,acceptable,True,-2.116100512651625,-0.722852201243276,1.3932483114083491,12,0.08333333333333333,1.0,1.0,success
task_family_side_quality_ignored,v2B_gated_aperiodic_top5,sub-FYbcap|MoveL,sub-FYbcap,MoveL,L,good,good,1,sub-FYbcap|MoveL,sub-FYbcap,MoveL,L,good,True,-1.6540391470816853,-1.4177370017645734,0.2363021453171119,12,0.08333333333333333,1.0,1.0,success
task_family_side_quality_ignored,v2B_gated_aperiodic_top5,sub-PuPVlx|HoldL,sub-PuPVlx,HoldL,L,good,good,1,sub-PuPVlx|HoldL,sub-PuPVlx,HoldL,L,good,True,-2.2667241157903515,-0.5941676601960978,1.6725564555942536,12,0.08333333333333333,1.0,1.0,success
task_family_side_quality_ignored,v2B_gated_aperiodic_top5,sub-PuPVlx|MoveL,sub-PuPVlx,MoveL,L,good,good,1,sub-PuPVlx|MoveL,sub-PuPVlx,MoveL,L,good,True,-2.07981913741388,-0.18661615238683593,1.893202985027044,12,0.08333333333333333,1.0,1.0,success
task_family_side_quality_ignored,v2B_gated_aperiodic_top5,sub-QZTsn6|HoldL,sub-QZTsn6,HoldL,L,good,good,2,sub-PuPVlx|HoldL,sub-PuPVlx,HoldL,L,good,False,-1.184969940203862,-1.4716188483262977,-0.2866489081224357,12,0.08333333333333333,0.5,0.9090909090909091,other_subject_same_task_side
task_family_side_quality_ignored,v2B_gated_aperiodic_top5,sub-QZTsn6|MoveL,sub-QZTsn6,MoveL,L,good,good,2,sub-PuPVlx|MoveL,sub-PuPVlx,MoveL,L,good,False,-0.5957526470281503,-1.5249935758303022,-0.9292409288021518,12,0.08333333333333333,0.5,0.9090909090909091,other_subject_same_task_side
task_family_side_quality_ignored,v2B_gated_aperiodic_top5,sub-VopvKx|HoldR,sub-VopvKx,HoldR,R,caution,caution,1,sub-VopvKx|HoldR,sub-VopvKx,HoldR,R,caution,True,-2.073628309493346,-0.6497196065410529,1.423908702952293,5,0.2,1.0,1.0,success
task_family_side_quality_ignored,v2B_gated_aperiodic_top5,sub-VopvKx|MoveR,sub-VopvKx,MoveR,R,caution,caution,1,sub-VopvKx|MoveR,sub-VopvKx,MoveR,R,caution,True,-2.005751007602679,-0.644175110240273,1.361575897362406,4,0.25,1.0,1.0,success
task_family_side_quality_ignored,v2B_gated_aperiodic_top5,sub-dCsWjQ|HoldL,sub-dCsWjQ,HoldL,L,good,good,8,sub-i4oK0F|HoldL,sub-i4oK0F,HoldL,L,acceptable,False,1008.0,-1.4339250901444327,-1009.4339250901444,12,0.08333333333333333,0.125,0.36363636363636365,quality_related
task_family_side_quality_ignored,v2B_gated_aperiodic_top5,sub-dCsWjQ|MoveL,sub-dCsWjQ,MoveL,L,good,good,10,sub-i4oK0F|MoveL,sub-i4oK0F,MoveL,L,caution,False,1010.0,-1.8035711366792297,-1011.8035711366792,12,0.08333333333333333,0.1,0.18181818181818177,quality_related
task_family_side_quality_ignored,v2B_gated_aperiodic_top5,sub-gNX5yb|HoldL,sub-gNX5yb,HoldL,L,acceptable,acceptable,1,sub-gNX5yb|HoldL,sub-gNX5yb,HoldL,L,acceptable,True,-2.0920483989706176,-0.766237360913276,1.3258110380573416,12,0.08333333333333333,1.0,1.0,success
task_family_side_quality_ignored,v2B_gated_aperiodic_top5,sub-gNX5yb|MoveL,sub-gNX5yb,MoveL,L,good,good,1,sub-gNX5yb|MoveL,sub-gNX5yb,MoveL,L,good,True,-2.3005315513815146,-0.49907826864639804,1.8014532827351166,12,0.08333333333333333,1.0,1.0,success
task_family_side_quality_ignored,v2B_gated_aperiodic_top5,sub-hnetKS|HoldL,sub-hnetKS,HoldL,L,good,good,1,sub-hnetKS|HoldL,sub-hnetKS,HoldL,L,good,True,-2.721777371785989,0.26918280521393334,2.9909601769999226,12,0.08333333333333333,1.0,1.0,success
task_family_side_quality_ignored,v2B_gated_aperiodic_top5,sub-hnetKS|MoveL,sub-hnetKS,MoveL,L,good,good,1,sub-hnetKS|MoveL,sub-hnetKS,MoveL,L,good,True,-2.787394112529217,0.14592089511416684,2.933315007643384,12,0.08333333333333333,1.0,1.0,success
task_family_side_quality_ignored,v2B_gated_aperiodic_top5,sub-i4oK0F|HoldL,sub-i4oK0F,HoldL,L,acceptable,acceptable,1,sub-i4oK0F|HoldL,sub-i4oK0F,HoldL,L,acceptable,True,-1.6470429148957875,-0.6840221253338514,0.963020789561936,12,0.08333333333333333,1.0,1.0,success
task_family_side_quality_ignored,v2B_gated_aperiodic_top5,sub-i4oK0F|MoveL,sub-i4oK0F,MoveL,L,caution,caution,1,sub-i4oK0F|MoveL,sub-i4oK0F,MoveL,L,caution,True,-1.79770872686127,-0.4416743386080156,1.3560343882532544,12,0.08333333333333333,1.0,1.0,success
task_family_side_quality_ignored,v2B_gated_aperiodic_top5,sub-iDpl28|HoldR,sub-iDpl28,HoldR,R,unknown,unknown,1,sub-iDpl28|HoldR,sub-iDpl28,HoldR,R,unknown,True,-2.406605073117951,-0.43524496704404636,1.9713601060739048,5,0.2,1.0,1.0,success
task_family_side_quality_ignored,v2B_gated_aperiodic_top5,sub-jyC0j3|HoldR,sub-jyC0j3,HoldR,R,good,good,2,sub-VopvKx|HoldR,sub-VopvKx,HoldR,R,caution,False,-1.629611103643491,-1.6448322840229794,-0.015221180379488386,5,0.2,0.5,0.75,quality_related
task_family_side_quality_ignored,v2B_gated_aperiodic_top5,sub-jyC0j3|MoveR,sub-jyC0j3,MoveR,R,good,good,1,sub-jyC0j3|MoveR,sub-jyC0j3,MoveR,R,good,True,-2.021426457482484,-0.8162095974198366,1.2052168600626474,4,0.25,1.0,1.0,success
task_family_side_quality_ignored,v2B_gated_aperiodic_top5,sub-oLNpHd|HoldL,sub-oLNpHd,HoldL,L,unknown,unknown,1,sub-oLNpHd|HoldL,sub-oLNpHd,HoldL,L,unknown,True,-2.3344948259950162,-0.519946290793491,1.8145485352015251,12,0.08333333333333333,1.0,1.0,success
task_family_side_quality_ignored,v2B_gated_aperiodic_top5,sub-oLNpHd|MoveL,sub-oLNpHd,MoveL,L,unknown,unknown,1,sub-oLNpHd|MoveL,sub-oLNpHd,MoveL,L,unknown,True,-2.208041876175763,-0.5251372325312,1.6829046436445632,12,0.08333333333333333,1.0,1.0,success
original_plus_same_subject_wrong_task_side,v2_reference,sub-0cGdk9|HoldL,sub-0cGdk9,HoldL,L,good,good,1,sub-0cGdk9|HoldL,sub-0cGdk9,HoldL,L,good,True,0.05495877352468829,0.29696076815220485,0.24200199462751656,8,0.125,1.0,1.0,success
original_plus_same_subject_wrong_task_side,v2_reference,sub-0cGdk9|MoveL,sub-0cGdk9,MoveL,L,good,good,1,sub-0cGdk9|MoveL,sub-0cGdk9,MoveL,L,good,True,0.05944784815426929,0.2258276079005641,0.16637975974629482,11,0.09090909090909091,1.0,1.0,success
original_plus_same_subject_wrong_task_side,v2_reference,sub-2IU8mi|HoldL,sub-2IU8mi,HoldL,L,good,good,3,sub-2IU8mi|MoveL,sub-2IU8mi,MoveL,L,good,False,0.328689068912138,0.09428384935198941,-0.2344052195601486,8,0.125,0.3333333333333333,0.7142857142857143,same_subject_wrong_task
original_plus_same_subject_wrong_task_side,v2_reference,sub-2IU8mi|MoveL,sub-2IU8mi,MoveL,L,good,good,1,sub-2IU8mi|MoveL,sub-2IU8mi,MoveL,L,good,True,0.04743572890594248,0.25162974013962874,0.20419401123368627,11,0.09090909090909091,1.0,1.0,success
original_plus_same_subject_wrong_task_side,v2_reference,sub-2IhVOz|HoldR,sub-2IhVOz,HoldR,R,good,good,3,sub-FIyfdR|HoldR,sub-FIyfdR,HoldR,R,good,False,1.3254485296083243,0.7885826426869927,-0.5368658869213315,4,0.25,0.3333333333333333,0.33333333333333337,other_subject_same_task_side
original_plus_same_subject_wrong_task_side,v2_reference,sub-2IhVOz|MoveR,sub-2IhVOz,MoveR,R,low_quality,low_quality,4,sub-VopvKx|MoveR,sub-VopvKx,MoveR,R,caution,False,1.2810196469187163,0.6784301235877654,-0.6025895233309508,5,0.2,0.25,0.25,quality_related
original_plus_same_subject_wrong_task_side,v2_reference,sub-AB2PeX|HoldL,sub-AB2PeX,HoldL,L,low_quality,low_quality,3,sub-AB2PeX|MoveL,sub-AB2PeX,MoveL,L,good,False,0.3309516127494058,0.2154960297993116,-0.11545558295009423,13,0.07692307692307693,0.3333333333333333,0.8333333333333334,quality_related
original_plus_same_subject_wrong_task_side,v2_reference,sub-AB2PeX|MoveL,sub-AB2PeX,MoveL,L,good,good,1,sub-AB2PeX|MoveL,sub-AB2PeX,MoveL,L,good,True,0.04698603144549063,0.15563411600856533,0.1086480845630747,11,0.09090909090909091,1.0,1.0,success
original_plus_same_subject_wrong_task_side,v2_reference,sub-AbzsOg|HoldL,sub-AbzsOg,HoldL,L,good,good,1,sub-AbzsOg|HoldL,sub-AbzsOg,HoldL,L,good,True,0.3999109609027121,0.6177914265182638,0.2178804656155517,8,0.125,1.0,1.0,success
original_plus_same_subject_wrong_task_side,v2_reference,sub-AbzsOg|MoveL,sub-AbzsOg,MoveL,L,good,good,2,sub-AbzsOg|HoldL,sub-AbzsOg,HoldL,L,good,False,0.3832058208194775,0.173310657939158,-0.2098951628803195,11,0.09090909090909091,0.5,0.9,same_subject_wrong_task
original_plus_same_subject_wrong_task_side,v2_reference,sub-FIyfdR|HoldR,sub-FIyfdR,HoldR,R,good,good,1,sub-FIyfdR|HoldR,sub-FIyfdR,HoldR,R,good,True,0.0357190494441317,0.09968903433623194,0.06396998489210023,4,0.25,1.0,1.0,success
original_plus_same_subject_wrong_task_side,v2_reference,sub-FIyfdR|MoveR,sub-FIyfdR,MoveR,R,good,good,2,sub-FIyfdR|HoldR,sub-FIyfdR,HoldR,R,good,False,0.5086171309825672,0.44483915703637916,-0.06377797394618806,5,0.2,0.5,0.75,same_subject_wrong_task
original_plus_same_subject_wrong_task_side,v2_reference,sub-FYbcap|HoldL,sub-FYbcap,HoldL,L,acceptable,acceptable,2,sub-FYbcap|MoveL,sub-FYbcap,MoveL,L,good,False,0.1786997994628672,0.16055104769145143,-0.018148751771415783,4,0.25,0.5,0.6666666666666667,quality_related
original_plus_same_subject_wrong_task_side,v2_reference,sub-FYbcap|MoveL,sub-FYbcap,MoveL,L,good,good,2,sub-AB2PeX|MoveL,sub-AB2PeX,MoveL,L,good,False,0.38052562311927834,0.2711783865314233,-0.10934723658785506,11,0.09090909090909091,0.5,0.9,other_subject_same_task_side
original_plus_same_subject_wrong_task_side,v2_reference,sub-PuPVlx|HoldL,sub-PuPVlx,HoldL,L,good,good,2,sub-PuPVlx|MoveL,sub-PuPVlx,MoveL,L,good,False,0.10018823714794972,0.09850418485009556,-0.0016840522978541633,8,0.125,0.5,0.8571428571428572,same_subject_wrong_task
original_plus_same_subject_wrong_task_side,v2_reference,sub-PuPVlx|MoveL,sub-PuPVlx,MoveL,L,good,good,1,sub-PuPVlx|MoveL,sub-PuPVlx,MoveL,L,good,True,0.008975142068523475,0.03389596922196777,0.02492082715344429,11,0.09090909090909091,1.0,1.0,success
original_plus_same_subject_wrong_task_side,v2_reference,sub-QZTsn6|HoldL,sub-QZTsn6,HoldL,L,good,good,2,sub-PuPVlx|HoldL,sub-PuPVlx,HoldL,L,good,False,0.35892776496577,0.1955366397063374,-0.1633911252594326,8,0.125,0.5,0.8571428571428572,other_subject_same_task_side
original_plus_same_subject_wrong_task_side,v2_reference,sub-QZTsn6|MoveL,sub-QZTsn6,MoveL,L,good,good,4,sub-PuPVlx|MoveL,sub-PuPVlx,MoveL,L,good,False,0.3405021892860632,0.12249395819095711,-0.2180082310951061,11,0.09090909090909091,0.25,0.7,other_subject_same_task_side
original_plus_same_subject_wrong_task_side,v2_reference,sub-VopvKx|HoldR,sub-VopvKx,HoldR,R,caution,caution,2,sub-VopvKx|MoveR,sub-VopvKx,MoveR,R,caution,False,0.01081048986779696,0.01068229411133594,-0.0001281957564610199,6,0.16666666666666666,0.5,0.8,quality_related
original_plus_same_subject_wrong_task_side,v2_reference,sub-VopvKx|MoveR,sub-VopvKx,MoveR,R,caution,caution,1,sub-VopvKx|MoveR,sub-VopvKx,MoveR,R,caution,True,0.01840082283237839,0.032576473832710985,0.014175651000332596,5,0.2,1.0,1.0,success
original_plus_same_subject_wrong_task_side,v2_reference,sub-dCsWjQ|HoldL,sub-dCsWjQ,HoldL,L,good,good,5,sub-AbzsOg|HoldL,sub-AbzsOg,HoldL,L,good,False,0.6733716063225099,0.3906331498375399,-0.28273845648497004,8,0.125,0.2,0.4285714285714286,other_subject_same_task_side
original_plus_same_subject_wrong_task_side,v2_reference,sub-dCsWjQ|MoveL,sub-dCsWjQ,MoveL,L,good,good,9,sub-PuPVlx|MoveL,sub-PuPVlx,MoveL,L,good,False,0.9143766919115247,0.4504825974797639,-0.46389409443176083,11,0.09090909090909091,0.1111111111111111,0.19999999999999996,other_subject_same_task_side
original_plus_same_subject_wrong_task_side,v2_reference,sub-gNX5yb|HoldL,sub-gNX5yb,HoldL,L,acceptable,acceptable,2,sub-gNX5yb|MoveL,sub-gNX5yb,MoveL,L,good,False,0.27499517040753524,0.08945264250081524,-0.18554252790672,4,0.25,0.5,0.6666666666666667,quality_related
original_plus_same_subject_wrong_task_side,v2_reference,sub-gNX5yb|MoveL,sub-gNX5yb,MoveL,L,good,good,1,sub-gNX5yb|MoveL,sub-gNX5yb,MoveL,L,good,True,0.14962184189454314,0.34105086803786033,0.1914290261433172,11,0.09090909090909091,1.0,1.0,success
original_plus_same_subject_wrong_task_side,v2_reference,sub-hnetKS|HoldL,sub-hnetKS,HoldL,L,good,good,2,sub-hnetKS|MoveL,sub-hnetKS,MoveL,L,good,False,0.2759279162237444,0.135887356713172,-0.1400405595105724,8,0.125,0.5,0.8571428571428572,same_subject_wrong_task
original_plus_same_subject_wrong_task_side,v2_reference,sub-hnetKS|MoveL,sub-hnetKS,MoveL,L,good,good,1,sub-hnetKS|MoveL,sub-hnetKS,MoveL,L,good,True,0.2765675627166289,0.4118364719542384,0.13526890923760948,11,0.09090909090909091,1.0,1.0,success
original_plus_same_subject_wrong_task_side,v2_reference,sub-i4oK0F|HoldL,sub-i4oK0F,HoldL,L,acceptable,acceptable,1,sub-i4oK0F|HoldL,sub-i4oK0F,HoldL,L,acceptable,True,0.3170331576323295,0.4116199873957687,0.09458682976343924,4,0.25,1.0,1.0,success
original_plus_same_subject_wrong_task_side,v2_reference,sub-i4oK0F|MoveL,sub-i4oK0F,MoveL,L,caution,caution,2,sub-i4oK0F|HoldL,sub-i4oK0F,HoldL,L,acceptable,False,0.08889767592794051,0.04842242104714591,-0.0404752548807946,13,0.07692307692307693,0.5,0.9166666666666666,quality_related
original_plus_same_subject_wrong_task_side,v2_reference,sub-iDpl28|HoldR,sub-iDpl28,HoldR,R,unknown,unknown,1,sub-iDpl28|HoldR,sub-iDpl28,HoldR,R,unknown,True,0.3380983718692299,0.5142064183274019,0.17610804645817196,5,0.2,1.0,1.0,success
original_plus_same_subject_wrong_task_side,v2_reference,sub-jyC0j3|HoldR,sub-jyC0j3,HoldR,R,good,good,2,sub-jyC0j3|MoveR,sub-jyC0j3,MoveR,R,good,False,0.3487582428940685,0.08682667746236016,-0.2619315654317083,4,0.25,0.5,0.6666666666666667,same_subject_wrong_task
original_plus_same_subject_wrong_task_side,v2_reference,sub-jyC0j3|MoveR,sub-jyC0j3,MoveR,R,good,good,1,sub-jyC0j3|MoveR,sub-jyC0j3,MoveR,R,good,True,0.04317054573313239,0.27425650889890774,0.23108596316577534,5,0.2,1.0,1.0,success
original_plus_same_subject_wrong_task_side,v2_reference,sub-oLNpHd|HoldL,sub-oLNpHd,HoldL,L,unknown,unknown,1,sub-oLNpHd|HoldL,sub-oLNpHd,HoldL,L,unknown,True,0.133243867988222,0.3233163453707952,0.19007247738257319,13,0.07692307692307693,1.0,1.0,success
original_plus_same_subject_wrong_task_side,v2_reference,sub-oLNpHd|MoveL,sub-oLNpHd,MoveL,L,unknown,unknown,1,sub-oLNpHd|MoveL,sub-oLNpHd,MoveL,L,unknown,True,0.14256514808763573,0.16531083796429116,0.02274568987665543,13,0.07692307692307693,1.0,1.0,success
original_plus_same_subject_wrong_task_side,v2A_top5_aperiodic_rerank,sub-0cGdk9|HoldL,sub-0cGdk9,HoldL,L,good,good,1,sub-0cGdk9|HoldL,sub-0cGdk9,HoldL,L,good,True,-1.3859830316417503,-1.1361702731052963,0.24981275853645402,8,0.125,1.0,1.0,success
original_plus_same_subject_wrong_task_side,v2A_top5_aperiodic_rerank,sub-0cGdk9|MoveL,sub-0cGdk9,MoveL,L,good,good,1,sub-0cGdk9|MoveL,sub-0cGdk9,MoveL,L,good,True,-1.2949780944212868,-0.5506805191767472,0.7442975752445395,11,0.09090909090909091,1.0,1.0,success
original_plus_same_subject_wrong_task_side,v2A_top5_aperiodic_rerank,sub-2IU8mi|HoldL,sub-2IU8mi,HoldL,L,good,good,2,sub-2IU8mi|MoveL,sub-2IU8mi,MoveL,L,good,False,-0.7098677747457052,-1.7450156717458996,-1.0351478970001944,8,0.125,0.5,0.8571428571428572,same_subject_wrong_task
original_plus_same_subject_wrong_task_side,v2A_top5_aperiodic_rerank,sub-2IU8mi|MoveL,sub-2IU8mi,MoveL,L,good,good,1,sub-2IU8mi|MoveL,sub-2IU8mi,MoveL,L,good,True,-2.0706482061187437,-0.7887077766852842,1.2819404294334595,11,0.09090909090909091,1.0,1.0,success
original_plus_same_subject_wrong_task_side,v2A_top5_aperiodic_rerank,sub-2IhVOz|HoldR,sub-2IhVOz,HoldR,R,good,good,3,sub-FIyfdR|HoldR,sub-FIyfdR,HoldR,R,good,False,0.2337873853332405,-1.633582737246075,-1.8673701225793153,4,0.25,0.3333333333333333,0.33333333333333337,other_subject_same_task_side
original_plus_same_subject_wrong_task_side,v2A_top5_aperiodic_rerank,sub-2IhVOz|MoveR,sub-2IhVOz,MoveR,R,low_quality,low_quality,5,sub-VopvKx|MoveR,sub-VopvKx,MoveR,R,caution,False,1.2859446082873043,-0.7669593937468521,-2.0529040020341562,5,0.2,0.2,0.0,quality_related
original_plus_same_subject_wrong_task_side,v2A_top5_aperiodic_rerank,sub-AB2PeX|HoldL,sub-AB2PeX,HoldL,L,low_quality,low_quality,2,sub-AB2PeX|MoveL,sub-AB2PeX,MoveL,L,good,False,-0.5675351574824012,-1.5178991047896586,-0.9503639473072574,13,0.07692307692307693,0.5,0.9166666666666666,quality_related
original_plus_same_subject_wrong_task_side,v2A_top5_aperiodic_rerank,sub-AB2PeX|MoveL,sub-AB2PeX,MoveL,L,good,good,1,sub-AB2PeX|MoveL,sub-AB2PeX,MoveL,L,good,True,-2.008812248869604,-1.5696432571652013,0.4391689917044026,11,0.09090909090909091,1.0,1.0,success
original_plus_same_subject_wrong_task_side,v2A_top5_aperiodic_rerank,sub-AbzsOg|HoldL,sub-AbzsOg,HoldL,L,good,good,1,sub-AbzsOg|HoldL,sub-AbzsOg,HoldL,L,good,True,-2.6395447401827914,0.4942667414839603,3.1338114816667515,8,0.125,1.0,1.0,success
original_plus_same_subject_wrong_task_side,v2A_top5_aperiodic_rerank,sub-AbzsOg|MoveL,sub-AbzsOg,MoveL,L,good,good,2,sub-AbzsOg|HoldL,sub-AbzsOg,HoldL,L,good,False,-0.9856752922777483,-2.305382749684457,-1.3197074574067087,11,0.09090909090909091,0.5,0.9,same_subject_wrong_task
original_plus_same_subject_wrong_task_side,v2A_top5_aperiodic_rerank,sub-FIyfdR|HoldR,sub-FIyfdR,HoldR,R,good,good,1,sub-FIyfdR|HoldR,sub-FIyfdR,HoldR,R,good,True,-1.5878026490322459,-1.3795156178104229,0.20828703122182302,4,0.25,1.0,1.0,success
original_plus_same_subject_wrong_task_side,v2A_top5_aperiodic_rerank,sub-FIyfdR|MoveR,sub-FIyfdR,MoveR,R,good,good,2,sub-FIyfdR|HoldR,sub-FIyfdR,HoldR,R,good,False,-1.2694023171323312,-1.828437607950609,-0.5590352908182779,5,0.2,0.5,0.75,same_subject_wrong_task
original_plus_same_subject_wrong_task_side,v2A_top5_aperiodic_rerank,sub-FYbcap|HoldL,sub-FYbcap,HoldL,L,acceptable,acceptable,1,sub-FYbcap|HoldL,sub-FYbcap,HoldL,L,acceptable,True,-1.3795546197157134,-1.2624222819062143,0.11713233780949905,4,0.25,1.0,1.0,success
original_plus_same_subject_wrong_task_side,v2A_top5_aperiodic_rerank,sub-FYbcap|MoveL,sub-FYbcap,MoveL,L,good,good,2,sub-AB2PeX|MoveL,sub-AB2PeX,MoveL,L,good,False,-1.0564904500197545,-1.1261483445844391,-0.06965789456468463,11,0.09090909090909091,0.5,0.9,other_subject_same_task_side
original_plus_same_subject_wrong_task_side,v2A_top5_aperiodic_rerank,sub-PuPVlx|HoldL,sub-PuPVlx,HoldL,L,good,good,2,sub-PuPVlx|MoveL,sub-PuPVlx,MoveL,L,good,False,-1.6555708567848675,-1.706255042470572,-0.05068418568570454,8,0.125,0.5,0.8571428571428572,same_subject_wrong_task
original_plus_same_subject_wrong_task_side,v2A_top5_aperiodic_rerank,sub-PuPVlx|MoveL,sub-PuPVlx,MoveL,L,good,good,1,sub-PuPVlx|MoveL,sub-PuPVlx,MoveL,L,good,True,-1.6550778818475487,-1.5282779395008737,0.12679994234667502,11,0.09090909090909091,1.0,1.0,success
original_plus_same_subject_wrong_task_side,v2A_top5_aperiodic_rerank,sub-QZTsn6|HoldL,sub-QZTsn6,HoldL,L,good,good,2,sub-PuPVlx|HoldL,sub-PuPVlx,HoldL,L,good,False,-1.2243830312426045,-1.2438481163767625,-0.01946508513415801,8,0.125,0.5,0.8571428571428572,other_subject_same_task_side
original_plus_same_subject_wrong_task_side,v2A_top5_aperiodic_rerank,sub-QZTsn6|MoveL,sub-QZTsn6,MoveL,L,good,good,3,sub-QZTsn6|HoldL,sub-QZTsn6,HoldL,L,good,False,-0.26815590011601437,-0.8882451561829425,-0.6200892560669282,11,0.09090909090909091,0.3333333333333333,0.8,same_subject_wrong_task
original_plus_same_subject_wrong_task_side,v2A_top5_aperiodic_rerank,sub-VopvKx|HoldR,sub-VopvKx,HoldR,R,caution,caution,2,sub-VopvKx|MoveR,sub-VopvKx,MoveR,R,caution,False,-1.3072859458011399,-1.368934424084114,-0.06164847828297404,6,0.16666666666666666,0.5,0.8,quality_related
original_plus_same_subject_wrong_task_side,v2A_top5_aperiodic_rerank,sub-VopvKx|MoveR,sub-VopvKx,MoveR,R,caution,caution,1,sub-VopvKx|MoveR,sub-VopvKx,MoveR,R,caution,True,-1.5610706962999161,-1.4311028483046213,0.12996784799529482,5,0.2,1.0,1.0,success
original_plus_same_subject_wrong_task_side,v2A_top5_aperiodic_rerank,sub-dCsWjQ|HoldL,sub-dCsWjQ,HoldL,L,good,good,4,sub-AbzsOg|HoldL,sub-AbzsOg,HoldL,L,good,False,1.008548433518541,-1.7803022757580917,-2.788850709276633,8,0.125,0.25,0.5714285714285714,other_subject_same_task_side
original_plus_same_subject_wrong_task_side,v2A_top5_aperiodic_rerank,sub-dCsWjQ|MoveL,sub-dCsWjQ,MoveL,L,good,good,9,sub-PuPVlx|MoveL,sub-PuPVlx,MoveL,L,good,False,1009.0,-1.0026599589457164,-1010.0026599589457,11,0.09090909090909091,0.1111111111111111,0.19999999999999996,other_subject_same_task_side
original_plus_same_subject_wrong_task_side,v2A_top5_aperiodic_rerank,sub-gNX5yb|HoldL,sub-gNX5yb,HoldL,L,acceptable,acceptable,2,sub-gNX5yb|MoveL,sub-gNX5yb,MoveL,L,good,False,-0.9734058740499926,-1.4714877595216875,-0.49808188547169496,4,0.25,0.5,0.6666666666666667,quality_related
original_plus_same_subject_wrong_task_side,v2A_top5_aperiodic_rerank,sub-gNX5yb|MoveL,sub-gNX5yb,MoveL,L,good,good,1,sub-gNX5yb|MoveL,sub-gNX5yb,MoveL,L,good,True,-2.2074919216989253,-0.49250751038072593,1.7149844113181993,11,0.09090909090909091,1.0,1.0,success
original_plus_same_subject_wrong_task_side,v2A_top5_aperiodic_rerank,sub-hnetKS|HoldL,sub-hnetKS,HoldL,L,good,good,2,sub-hnetKS|MoveL,sub-hnetKS,MoveL,L,good,False,-1.5561344915265922,-1.8893916310994798,-0.3332571395728876,8,0.125,0.5,0.8571428571428572,same_subject_wrong_task
original_plus_same_subject_wrong_task_side,v2A_top5_aperiodic_rerank,sub-hnetKS|MoveL,sub-hnetKS,MoveL,L,good,good,1,sub-hnetKS|MoveL,sub-hnetKS,MoveL,L,good,True,-1.9779763445937788,-1.5412362648143174,0.4367400797794614,11,0.09090909090909091,1.0,1.0,success
original_plus_same_subject_wrong_task_side,v2A_top5_aperiodic_rerank,sub-i4oK0F|HoldL,sub-i4oK0F,HoldL,L,acceptable,acceptable,1,sub-i4oK0F|HoldL,sub-i4oK0F,HoldL,L,acceptable,True,-1.49582476419417,-0.7008378955288079,0.7949868686653621,4,0.25,1.0,1.0,success
original_plus_same_subject_wrong_task_side,v2A_top5_aperiodic_rerank,sub-i4oK0F|MoveL,sub-i4oK0F,MoveL,L,caution,caution,2,sub-i4oK0F|HoldL,sub-i4oK0F,HoldL,L,acceptable,False,-1.2506262795954803,-1.464797059264032,-0.2141707796685517,13,0.07692307692307693,0.5,0.9166666666666666,quality_related
original_plus_same_subject_wrong_task_side,v2A_top5_aperiodic_rerank,sub-iDpl28|HoldR,sub-iDpl28,HoldR,R,unknown,unknown,1,sub-iDpl28|HoldR,sub-iDpl28,HoldR,R,unknown,True,-2.4066050731179733,-0.43524496704401194,1.9713601060739614,5,0.2,1.0,1.0,success
original_plus_same_subject_wrong_task_side,v2A_top5_aperiodic_rerank,sub-jyC0j3|HoldR,sub-jyC0j3,HoldR,R,good,good,2,sub-jyC0j3|MoveR,sub-jyC0j3,MoveR,R,good,False,-0.993842494985608,-1.7159084110765748,-0.7220659160909668,4,0.25,0.5,0.6666666666666667,same_subject_wrong_task
original_plus_same_subject_wrong_task_side,v2A_top5_aperiodic_rerank,sub-jyC0j3|MoveR,sub-jyC0j3,MoveR,R,good,good,1,sub-jyC0j3|MoveR,sub-jyC0j3,MoveR,R,good,True,-2.0017468766162483,-0.7304955067353245,1.2712513698809238,5,0.2,1.0,1.0,success
original_plus_same_subject_wrong_task_side,v2A_top5_aperiodic_rerank,sub-oLNpHd|HoldL,sub-oLNpHd,HoldL,L,unknown,unknown,1,sub-oLNpHd|HoldL,sub-oLNpHd,HoldL,L,unknown,True,-2.3054727064691236,-0.2948697107121812,2.0106029957569422,13,0.07692307692307693,1.0,1.0,success
original_plus_same_subject_wrong_task_side,v2A_top5_aperiodic_rerank,sub-oLNpHd|MoveL,sub-oLNpHd,MoveL,L,unknown,unknown,1,sub-oLNpHd|MoveL,sub-oLNpHd,MoveL,L,unknown,True,-1.6588293598336934,-1.5240964163490585,0.13473294348463494,13,0.07692307692307693,1.0,1.0,success
original_plus_same_subject_wrong_task_side,v2B_gated_aperiodic_top5,sub-0cGdk9|HoldL,sub-0cGdk9,HoldL,L,good,good,1,sub-0cGdk9|HoldL,sub-0cGdk9,HoldL,L,good,True,-1.7824249361292916,-0.32989444004525154,1.4525304960840402,8,0.125,1.0,1.0,success
original_plus_same_subject_wrong_task_side,v2B_gated_aperiodic_top5,sub-0cGdk9|MoveL,sub-0cGdk9,MoveL,L,good,good,1,sub-0cGdk9|MoveL,sub-0cGdk9,MoveL,L,good,True,-1.268962469011684,-0.6292883509224341,0.63967411808925,11,0.09090909090909091,1.0,1.0,success
original_plus_same_subject_wrong_task_side,v2B_gated_aperiodic_top5,sub-2IU8mi|HoldL,sub-2IU8mi,HoldL,L,good,good,1,sub-2IU8mi|HoldL,sub-2IU8mi,HoldL,L,good,True,-1.2456752625674872,-1.0794570230924032,0.16621823947508396,8,0.125,1.0,1.0,success
original_plus_same_subject_wrong_task_side,v2B_gated_aperiodic_top5,sub-2IU8mi|MoveL,sub-2IU8mi,MoveL,L,good,good,1,sub-2IU8mi|MoveL,sub-2IU8mi,MoveL,L,good,True,-2.098791372954979,-0.17970141719880747,1.9190899557561718,11,0.09090909090909091,1.0,1.0,success
original_plus_same_subject_wrong_task_side,v2B_gated_aperiodic_top5,sub-2IhVOz|HoldR,sub-2IhVOz,HoldR,R,good,good,3,sub-FIyfdR|HoldR,sub-FIyfdR,HoldR,R,good,False,0.6369644838418231,-1.106091222680165,-1.743055706521988,4,0.25,0.3333333333333333,0.33333333333333337,other_subject_same_task_side
original_plus_same_subject_wrong_task_side,v2B_gated_aperiodic_top5,sub-2IhVOz|MoveR,sub-2IhVOz,MoveR,R,low_quality,low_quality,4,sub-jyC0j3|MoveR,sub-jyC0j3,MoveR,R,good,False,1.5468717531196234,-0.547288730772005,-2.0941604838916286,5,0.2,0.25,0.25,quality_related
original_plus_same_subject_wrong_task_side,v2B_gated_aperiodic_top5,sub-AB2PeX|HoldL,sub-AB2PeX,HoldL,L,low_quality,low_quality,1,sub-AB2PeX|HoldL,sub-AB2PeX,HoldL,L,low_quality,True,-0.969183495385532,-0.6524043993846619,0.31677909600087006,13,0.07692307692307693,1.0,1.0,success
original_plus_same_subject_wrong_task_side,v2B_gated_aperiodic_top5,sub-AB2PeX|MoveL,sub-AB2PeX,MoveL,L,good,good,1,sub-AB2PeX|MoveL,sub-AB2PeX,MoveL,L,good,True,-2.5232373842294953,0.4669534636527863,2.9901908478822814,11,0.09090909090909091,1.0,1.0,success
original_plus_same_subject_wrong_task_side,v2B_gated_aperiodic_top5,sub-AbzsOg|HoldL,sub-AbzsOg,HoldL,L,good,good,1,sub-AbzsOg|HoldL,sub-AbzsOg,HoldL,L,good,True,-2.4215357733081353,0.6810350581520928,3.102570831460228,8,0.125,1.0,1.0,success
original_plus_same_subject_wrong_task_side,v2B_gated_aperiodic_top5,sub-AbzsOg|MoveL,sub-AbzsOg,MoveL,L,good,good,1,sub-AbzsOg|MoveL,sub-AbzsOg,MoveL,L,good,True,-2.297695208406559,0.1095763410274816,2.4072715494340406,11,0.09090909090909091,1.0,1.0,success
original_plus_same_subject_wrong_task_side,v2B_gated_aperiodic_top5,sub-FIyfdR|HoldR,sub-FIyfdR,HoldR,R,good,good,1,sub-FIyfdR|HoldR,sub-FIyfdR,HoldR,R,good,True,-2.093599431810784,0.9980085502760541,3.091607982086838,4,0.25,1.0,1.0,success
original_plus_same_subject_wrong_task_side,v2B_gated_aperiodic_top5,sub-FIyfdR|MoveR,sub-FIyfdR,MoveR,R,good,good,1,sub-FIyfdR|MoveR,sub-FIyfdR,MoveR,R,good,True,-1.946395838609127,-0.795380586053521,1.1510152525556059,5,0.2,1.0,1.0,success
original_plus_same_subject_wrong_task_side,v2B_gated_aperiodic_top5,sub-FYbcap|HoldL,sub-FYbcap,HoldL,L,acceptable,acceptable,1,sub-FYbcap|HoldL,sub-FYbcap,HoldL,L,acceptable,True,-1.8539211133039846,0.56347820041682,2.4173993137208045,4,0.25,1.0,1.0,success
original_plus_same_subject_wrong_task_side,v2B_gated_aperiodic_top5,sub-FYbcap|MoveL,sub-FYbcap,MoveL,L,good,good,1,sub-FYbcap|MoveL,sub-FYbcap,MoveL,L,good,True,-1.3099895400388466,-1.0944634659757075,0.21552607406313906,11,0.09090909090909091,1.0,1.0,success
original_plus_same_subject_wrong_task_side,v2B_gated_aperiodic_top5,sub-PuPVlx|HoldL,sub-PuPVlx,HoldL,L,good,good,1,sub-PuPVlx|HoldL,sub-PuPVlx,HoldL,L,good,True,-2.2758111808481996,-0.15323438240208098,2.1225767984461186,8,0.125,1.0,1.0,success
original_plus_same_subject_wrong_task_side,v2B_gated_aperiodic_top5,sub-PuPVlx|MoveL,sub-PuPVlx,MoveL,L,good,good,1,sub-PuPVlx|MoveL,sub-PuPVlx,MoveL,L,good,True,-2.1454414812247986,-0.298927763578046,1.8465137176467525,11,0.09090909090909091,1.0,1.0,success
original_plus_same_subject_wrong_task_side,v2B_gated_aperiodic_top5,sub-QZTsn6|HoldL,sub-QZTsn6,HoldL,L,good,good,1,sub-QZTsn6|HoldL,sub-QZTsn6,HoldL,L,good,True,-1.3747233227523687,-1.3339750307252856,0.04074829202708319,8,0.125,1.0,1.0,success
original_plus_same_subject_wrong_task_side,v2B_gated_aperiodic_top5,sub-QZTsn6|MoveL,sub-QZTsn6,MoveL,L,good,good,1,sub-QZTsn6|MoveL,sub-QZTsn6,MoveL,L,good,True,-0.6864566387396482,-0.660753941013878,0.025702697725770274,11,0.09090909090909091,1.0,1.0,success
original_plus_same_subject_wrong_task_side,v2B_gated_aperiodic_top5,sub-VopvKx|HoldR,sub-VopvKx,HoldR,R,caution,caution,1,sub-VopvKx|HoldR,sub-VopvKx,HoldR,R,caution,True,-1.822351652390269,-0.29751533834895044,1.5248363140413186,6,0.16666666666666666,1.0,1.0,success
original_plus_same_subject_wrong_task_side,v2B_gated_aperiodic_top5,sub-VopvKx|MoveR,sub-VopvKx,MoveR,R,caution,caution,1,sub-VopvKx|MoveR,sub-VopvKx,MoveR,R,caution,True,-2.005751007602679,-0.644175110240273,1.361575897362406,5,0.2,1.0,1.0,success
original_plus_same_subject_wrong_task_side,v2B_gated_aperiodic_top5,sub-dCsWjQ|HoldL,sub-dCsWjQ,HoldL,L,good,good,4,sub-AbzsOg|HoldL,sub-AbzsOg,HoldL,L,good,False,1.008548433518522,-1.7803022757580873,-2.788850709276609,8,0.125,0.25,0.5714285714285714,other_subject_same_task_side
original_plus_same_subject_wrong_task_side,v2B_gated_aperiodic_top5,sub-dCsWjQ|MoveL,sub-dCsWjQ,MoveL,L,good,good,9,sub-PuPVlx|MoveL,sub-PuPVlx,MoveL,L,good,False,1009.0,-0.7673140081277774,-1009.7673140081278,11,0.09090909090909091,0.1111111111111111,0.19999999999999996,other_subject_same_task_side
original_plus_same_subject_wrong_task_side,v2B_gated_aperiodic_top5,sub-gNX5yb|HoldL,sub-gNX5yb,HoldL,L,acceptable,acceptable,1,sub-gNX5yb|HoldL,sub-gNX5yb,HoldL,L,acceptable,True,-1.536248653408463,0.17659803331613538,1.7128466867245984,4,0.25,1.0,1.0,success
original_plus_same_subject_wrong_task_side,v2B_gated_aperiodic_top5,sub-gNX5yb|MoveL,sub-gNX5yb,MoveL,L,good,good,1,sub-gNX5yb|MoveL,sub-gNX5yb,MoveL,L,good,True,-2.193115876973747,-0.46120934135489405,1.731906535618853,11,0.09090909090909091,1.0,1.0,success
original_plus_same_subject_wrong_task_side,v2B_gated_aperiodic_top5,sub-hnetKS|HoldL,sub-hnetKS,HoldL,L,good,good,1,sub-hnetKS|HoldL,sub-hnetKS,HoldL,L,good,True,-2.3576430708679297,0.05107521451280796,2.4087182853807376,8,0.125,1.0,1.0,success
original_plus_same_subject_wrong_task_side,v2B_gated_aperiodic_top5,sub-hnetKS|MoveL,sub-hnetKS,MoveL,L,good,good,1,sub-hnetKS|MoveL,sub-hnetKS,MoveL,L,good,True,-2.461993272880994,0.4243012591984734,2.886294532079467,11,0.09090909090909091,1.0,1.0,success
original_plus_same_subject_wrong_task_side,v2B_gated_aperiodic_top5,sub-i4oK0F|HoldL,sub-i4oK0F,HoldL,L,acceptable,acceptable,1,sub-i4oK0F|HoldL,sub-i4oK0F,HoldL,L,acceptable,True,-1.5561845909521355,-0.4703601564288752,1.0858244345232602,4,0.25,1.0,1.0,success
original_plus_same_subject_wrong_task_side,v2B_gated_aperiodic_top5,sub-i4oK0F|MoveL,sub-i4oK0F,MoveL,L,caution,caution,1,sub-i4oK0F|MoveL,sub-i4oK0F,MoveL,L,caution,True,-1.6792650349723586,-0.24796862986536808,1.4312964051069905,13,0.07692307692307693,1.0,1.0,success
original_plus_same_subject_wrong_task_side,v2B_gated_aperiodic_top5,sub-iDpl28|HoldR,sub-iDpl28,HoldR,R,unknown,unknown,1,sub-iDpl28|HoldR,sub-iDpl28,HoldR,R,unknown,True,-2.406605073117951,-0.43524496704404636,1.9713601060739048,5,0.2,1.0,1.0,success
original_plus_same_subject_wrong_task_side,v2B_gated_aperiodic_top5,sub-jyC0j3|HoldR,sub-jyC0j3,HoldR,R,good,good,1,sub-jyC0j3|HoldR,sub-jyC0j3,HoldR,R,good,True,-1.8368602837819068,0.40503873096351184,2.2418990147454188,4,0.25,1.0,1.0,success
original_plus_same_subject_wrong_task_side,v2B_gated_aperiodic_top5,sub-jyC0j3|MoveR,sub-jyC0j3,MoveR,R,good,good,1,sub-jyC0j3|MoveR,sub-jyC0j3,MoveR,R,good,True,-2.021426457482484,-0.8162095974198366,1.2052168600626474,5,0.2,1.0,1.0,success
original_plus_same_subject_wrong_task_side,v2B_gated_aperiodic_top5,sub-oLNpHd|HoldL,sub-oLNpHd,HoldL,L,unknown,unknown,1,sub-oLNpHd|HoldL,sub-oLNpHd,HoldL,L,unknown,True,-2.176381883844996,-0.16124165364343218,2.0151402302015637,13,0.07692307692307693,1.0,1.0,success
original_plus_same_subject_wrong_task_side,v2B_gated_aperiodic_top5,sub-oLNpHd|MoveL,sub-oLNpHd,MoveL,L,unknown,unknown,1,sub-oLNpHd|MoveL,sub-oLNpHd,MoveL,L,unknown,True,-2.118678044432383,-0.19708941357073467,1.9215886308616486,13,0.07692307692307693,1.0,1.0,success
all_medon_candidates,v2_reference,sub-0cGdk9|HoldL,sub-0cGdk9,HoldL,L,good,good,1,sub-0cGdk9|HoldL,sub-0cGdk9,HoldL,L,good,True,0.05495877352468829,0.25230469492550206,0.19734592140081378,33,0.030303030303030304,1.0,1.0,success
all_medon_candidates,v2_reference,sub-0cGdk9|MoveL,sub-0cGdk9,MoveL,L,good,good,1,sub-0cGdk9|MoveL,sub-0cGdk9,MoveL,L,good,True,0.05944784815426929,0.18919537746767354,0.12974752931340425,33,0.030303030303030304,1.0,1.0,success
all_medon_candidates,v2_reference,sub-2IU8mi|HoldL,sub-2IU8mi,HoldL,L,good,good,5,sub-2IU8mi|MoveL,sub-2IU8mi,MoveL,L,good,False,0.328689068912138,0.09428384935198941,-0.2344052195601486,33,0.030303030303030304,0.2,0.875,same_subject_wrong_task
all_medon_candidates,v2_reference,sub-2IU8mi|MoveL,sub-2IU8mi,MoveL,L,good,good,1,sub-2IU8mi|MoveL,sub-2IU8mi,MoveL,L,good,True,0.04743572890594248,0.17490052071045845,0.12746479180451598,33,0.030303030303030304,1.0,1.0,success
all_medon_candidates,v2_reference,sub-2IhVOz|HoldR,sub-2IhVOz,HoldR,R,good,good,31,sub-VopvKx|HoldR,sub-VopvKx,HoldR,R,caution,False,1.3254485296083243,0.3949288112746186,-0.9305197183337057,33,0.030303030303030304,0.03225806451612903,0.0625,quality_related
all_medon_candidates,v2_reference,sub-2IhVOz|MoveR,sub-2IhVOz,MoveR,R,low_quality,low_quality,30,sub-i4oK0F|HoldL,sub-i4oK0F,HoldL,L,acceptable,False,1.2810196469187163,0.46340819467114697,-0.8176114522475693,33,0.030303030303030304,0.03333333333333333,0.09375,quality_related
all_medon_candidates,v2_reference,sub-AB2PeX|HoldL,sub-AB2PeX,HoldL,L,low_quality,low_quality,5,sub-AB2PeX|MoveL,sub-AB2PeX,MoveL,L,good,False,0.3309516127494058,0.2154960297993116,-0.11545558295009423,33,0.030303030303030304,0.2,0.875,quality_related
all_medon_candidates,v2_reference,sub-AB2PeX|MoveL,sub-AB2PeX,MoveL,L,good,good,1,sub-AB2PeX|MoveL,sub-AB2PeX,MoveL,L,good,True,0.04698603144549063,0.15563411600856533,0.1086480845630747,33,0.030303030303030304,1.0,1.0,success
all_medon_candidates,v2_reference,sub-AbzsOg|HoldL,sub-AbzsOg,HoldL,L,good,good,3,sub-iDpl28|HoldR,sub-iDpl28,HoldR,R,unknown,False,0.3999109609027121,0.35867287427903144,-0.04123808662368067,33,0.030303030303030304,0.3333333333333333,0.9375,quality_related
all_medon_candidates,v2_reference,sub-AbzsOg|MoveL,sub-AbzsOg,MoveL,L,good,good,3,sub-AbzsOg|HoldL,sub-AbzsOg,HoldL,L,good,False,0.3832058208194775,0.173310657939158,-0.2098951628803195,33,0.030303030303030304,0.3333333333333333,0.9375,same_subject_wrong_task
all_medon_candidates,v2_reference,sub-FIyfdR|HoldR,sub-FIyfdR,HoldR,R,good,good,1,sub-FIyfdR|HoldR,sub-FIyfdR,HoldR,R,good,True,0.0357190494441317,0.09968903433623194,0.06396998489210023,33,0.030303030303030304,1.0,1.0,success
all_medon_candidates,v2_reference,sub-FIyfdR|MoveR,sub-FIyfdR,MoveR,R,good,good,5,sub-AB2PeX|MoveL,sub-AB2PeX,MoveL,L,good,False,0.5086171309825672,0.099917989528626,-0.4086991414539412,33,0.030303030303030304,0.2,0.875,other_subject_wrong_task
all_medon_candidates,v2_reference,sub-FYbcap|HoldL,sub-FYbcap,HoldL,L,acceptable,acceptable,2,sub-FYbcap|MoveL,sub-FYbcap,MoveL,L,good,False,0.1786997994628672,0.16055104769145143,-0.018148751771415783,33,0.030303030303030304,0.5,0.96875,quality_related
all_medon_candidates,v2_reference,sub-FYbcap|MoveL,sub-FYbcap,MoveL,L,good,good,6,sub-FIyfdR|HoldR,sub-FIyfdR,HoldR,R,good,False,0.38052562311927834,0.268439656928999,-0.11208596619027933,33,0.030303030303030304,0.16666666666666666,0.84375,other_subject_wrong_task
all_medon_candidates,v2_reference,sub-PuPVlx|HoldL,sub-PuPVlx,HoldL,L,good,good,2,sub-PuPVlx|MoveL,sub-PuPVlx,MoveL,L,good,False,0.10018823714794972,0.09850418485009556,-0.0016840522978541633,33,0.030303030303030304,0.5,0.96875,same_subject_wrong_task
all_medon_candidates,v2_reference,sub-PuPVlx|MoveL,sub-PuPVlx,MoveL,L,good,good,1,sub-PuPVlx|MoveL,sub-PuPVlx,MoveL,L,good,True,0.008975142068523475,0.03389596922196777,0.02492082715344429,33,0.030303030303030304,1.0,1.0,success
all_medon_candidates,v2_reference,sub-QZTsn6|HoldL,sub-QZTsn6,HoldL,L,good,good,5,sub-PuPVlx|MoveL,sub-PuPVlx,MoveL,L,good,False,0.35892776496577,0.16304767711599466,-0.19588008784977534,33,0.030303030303030304,0.2,0.875,other_subject_wrong_task
all_medon_candidates,v2_reference,sub-QZTsn6|MoveL,sub-QZTsn6,MoveL,L,good,good,6,sub-PuPVlx|MoveL,sub-PuPVlx,MoveL,L,good,False,0.3405021892860632,0.12249395819095711,-0.2180082310951061,33,0.030303030303030304,0.16666666666666666,0.84375,other_subject_same_task_side
all_medon_candidates,v2_reference,sub-VopvKx|HoldR,sub-VopvKx,HoldR,R,caution,caution,2,sub-VopvKx|MoveR,sub-VopvKx,MoveR,R,caution,False,0.01081048986779696,0.01068229411133594,-0.0001281957564610199,33,0.030303030303030304,0.5,0.96875,quality_related
all_medon_candidates,v2_reference,sub-VopvKx|MoveR,sub-VopvKx,MoveR,R,caution,caution,1,sub-VopvKx|MoveR,sub-VopvKx,MoveR,R,caution,True,0.01840082283237839,0.032576473832710985,0.014175651000332596,33,0.030303030303030304,1.0,1.0,success
all_medon_candidates,v2_reference,sub-dCsWjQ|HoldL,sub-dCsWjQ,HoldL,L,good,good,19,sub-jyC0j3|MoveR,sub-jyC0j3,MoveR,R,good,False,0.6733716063225099,0.265628403414342,-0.4077432029081679,33,0.030303030303030304,0.05263157894736842,0.4375,other_subject_wrong_task
all_medon_candidates,v2_reference,sub-dCsWjQ|MoveL,sub-dCsWjQ,MoveL,L,good,good,27,sub-jyC0j3|MoveR,sub-jyC0j3,MoveR,R,good,False,0.9143766919115247,0.2031885547829367,-0.711188137128588,33,0.030303030303030304,0.037037037037037035,0.1875,other_subject_wrong_task
all_medon_candidates,v2_reference,sub-gNX5yb|HoldL,sub-gNX5yb,HoldL,L,acceptable,acceptable,2,sub-gNX5yb|MoveL,sub-gNX5yb,MoveL,L,good,False,0.27499517040753524,0.08945264250081524,-0.18554252790672,33,0.030303030303030304,0.5,0.96875,quality_related
all_medon_candidates,v2_reference,sub-gNX5yb|MoveL,sub-gNX5yb,MoveL,L,good,good,1,sub-gNX5yb|MoveL,sub-gNX5yb,MoveL,L,good,True,0.14962184189454314,0.34105086803786033,0.1914290261433172,33,0.030303030303030304,1.0,1.0,success
all_medon_candidates,v2_reference,sub-hnetKS|HoldL,sub-hnetKS,HoldL,L,good,good,2,sub-hnetKS|MoveL,sub-hnetKS,MoveL,L,good,False,0.2759279162237444,0.135887356713172,-0.1400405595105724,33,0.030303030303030304,0.5,0.96875,same_subject_wrong_task
all_medon_candidates,v2_reference,sub-hnetKS|MoveL,sub-hnetKS,MoveL,L,good,good,1,sub-hnetKS|MoveL,sub-hnetKS,MoveL,L,good,True,0.2765675627166289,0.4118364719542384,0.13526890923760948,33,0.030303030303030304,1.0,1.0,success
all_medon_candidates,v2_reference,sub-i4oK0F|HoldL,sub-i4oK0F,HoldL,L,acceptable,acceptable,3,sub-PuPVlx|MoveL,sub-PuPVlx,MoveL,L,good,False,0.3170331576323295,0.26519433411892995,-0.05183882351339952,33,0.030303030303030304,0.3333333333333333,0.9375,quality_related
all_medon_candidates,v2_reference,sub-i4oK0F|MoveL,sub-i4oK0F,MoveL,L,caution,caution,4,sub-i4oK0F|HoldL,sub-i4oK0F,HoldL,L,acceptable,False,0.08889767592794051,0.04842242104714591,-0.0404752548807946,33,0.030303030303030304,0.25,0.90625,quality_related
all_medon_candidates,v2_reference,sub-iDpl28|HoldR,sub-iDpl28,HoldR,R,unknown,unknown,1,sub-iDpl28|HoldR,sub-iDpl28,HoldR,R,unknown,True,0.3380983718692299,0.48743882664938476,0.14934045478015484,33,0.030303030303030304,1.0,1.0,success
all_medon_candidates,v2_reference,sub-jyC0j3|HoldR,sub-jyC0j3,HoldR,R,good,good,8,sub-jyC0j3|MoveR,sub-jyC0j3,MoveR,R,good,False,0.3487582428940685,0.08682667746236016,-0.2619315654317083,33,0.030303030303030304,0.125,0.78125,same_subject_wrong_task
all_medon_candidates,v2_reference,sub-jyC0j3|MoveR,sub-jyC0j3,MoveR,R,good,good,1,sub-jyC0j3|MoveR,sub-jyC0j3,MoveR,R,good,True,0.04317054573313239,0.2503232706796728,0.2071527249465404,33,0.030303030303030304,1.0,1.0,success
all_medon_candidates,v2_reference,sub-oLNpHd|HoldL,sub-oLNpHd,HoldL,L,unknown,unknown,1,sub-oLNpHd|HoldL,sub-oLNpHd,HoldL,L,unknown,True,0.133243867988222,0.3233163453707952,0.19007247738257319,33,0.030303030303030304,1.0,1.0,success
all_medon_candidates,v2_reference,sub-oLNpHd|MoveL,sub-oLNpHd,MoveL,L,unknown,unknown,1,sub-oLNpHd|MoveL,sub-oLNpHd,MoveL,L,unknown,True,0.14256514808763573,0.14940169810442536,0.006836550016789622,33,0.030303030303030304,1.0,1.0,success
all_medon_candidates,v2A_top5_aperiodic_rerank,sub-0cGdk9|HoldL,sub-0cGdk9,HoldL,L,good,good,1,sub-0cGdk9|HoldL,sub-0cGdk9,HoldL,L,good,True,-2.1790877434230143,-0.11238054111600493,2.0667072023070094,33,0.030303030303030304,1.0,1.0,success
all_medon_candidates,v2A_top5_aperiodic_rerank,sub-0cGdk9|MoveL,sub-0cGdk9,MoveL,L,good,good,1,sub-0cGdk9|MoveL,sub-0cGdk9,MoveL,L,good,True,-2.0265454366368494,-0.6540784488498979,1.3724669877869515,33,0.030303030303030304,1.0,1.0,success
all_medon_candidates,v2A_top5_aperiodic_rerank,sub-2IU8mi|HoldL,sub-2IU8mi,HoldL,L,good,good,5,sub-2IU8mi|MoveL,sub-2IU8mi,MoveL,L,good,False,0.7879611823840869,-1.966158014068693,-2.7541191964527796,33,0.030303030303030304,0.2,0.875,same_subject_wrong_task
all_medon_candidates,v2A_top5_aperiodic_rerank,sub-2IU8mi|MoveL,sub-2IU8mi,MoveL,L,good,good,1,sub-2IU8mi|MoveL,sub-2IU8mi,MoveL,L,good,True,-2.1843820425682727,0.09686198270773155,2.2812440252760045,33,0.030303030303030304,1.0,1.0,success
all_medon_candidates,v2A_top5_aperiodic_rerank,sub-2IhVOz|HoldR,sub-2IhVOz,HoldR,R,good,good,31,sub-i4oK0F|HoldL,sub-i4oK0F,HoldL,L,acceptable,False,1031.0,-1.44738972727389,-1032.447389727274,33,0.030303030303030304,0.03225806451612903,0.0625,quality_related
all_medon_candidates,v2A_top5_aperiodic_rerank,sub-2IhVOz|MoveR,sub-2IhVOz,MoveR,R,low_quality,low_quality,30,sub-i4oK0F|HoldL,sub-i4oK0F,HoldL,L,acceptable,False,1030.0,-0.7945125466892244,-1030.7945125466892,33,0.030303030303030304,0.03333333333333333,0.09375,quality_related
all_medon_candidates,v2A_top5_aperiodic_rerank,sub-AB2PeX|HoldL,sub-AB2PeX,HoldL,L,low_quality,low_quality,5,sub-AB2PeX|MoveL,sub-AB2PeX,MoveL,L,good,False,1.104157814830994,-1.4770048503578237,-2.5811626651888178,33,0.030303030303030304,0.2,0.875,quality_related
all_medon_candidates,v2A_top5_aperiodic_rerank,sub-AB2PeX|MoveL,sub-AB2PeX,MoveL,L,good,good,1,sub-AB2PeX|MoveL,sub-AB2PeX,MoveL,L,good,True,-2.0497942784925165,-1.4081887362395604,0.6416055422529561,33,0.030303030303030304,1.0,1.0,success
all_medon_candidates,v2A_top5_aperiodic_rerank,sub-AbzsOg|HoldL,sub-AbzsOg,HoldL,L,good,good,2,sub-iDpl28|HoldR,sub-iDpl28,HoldR,R,unknown,False,-0.8496182964705611,-1.7900603709809784,-0.9404420745104173,33,0.030303030303030304,0.5,0.96875,quality_related
all_medon_candidates,v2A_top5_aperiodic_rerank,sub-AbzsOg|MoveL,sub-AbzsOg,MoveL,L,good,good,2,sub-AbzsOg|HoldL,sub-AbzsOg,HoldL,L,good,False,-0.3131515260391648,-2.3701335638726246,-2.05698203783346,33,0.030303030303030304,0.5,0.96875,same_subject_wrong_task
all_medon_candidates,v2A_top5_aperiodic_rerank,sub-FIyfdR|HoldR,sub-FIyfdR,HoldR,R,good,good,1,sub-FIyfdR|HoldR,sub-FIyfdR,HoldR,R,good,True,-1.9591542785199492,-1.4494088042569588,0.5097454742629903,33,0.030303030303030304,1.0,1.0,success
all_medon_candidates,v2A_top5_aperiodic_rerank,sub-FIyfdR|MoveR,sub-FIyfdR,MoveR,R,good,good,5,sub-AB2PeX|MoveL,sub-AB2PeX,MoveL,L,good,False,1.2095670921680008,-0.6927057332050064,-1.9022728253730072,33,0.030303030303030304,0.2,0.875,other_subject_wrong_task
all_medon_candidates,v2A_top5_aperiodic_rerank,sub-FYbcap|HoldL,sub-FYbcap,HoldL,L,acceptable,acceptable,2,sub-FYbcap|MoveL,sub-FYbcap,MoveL,L,good,False,-1.5439768485450067,-1.5700250405245795,-0.026048191979572755,33,0.030303030303030304,0.5,0.96875,quality_related
all_medon_candidates,v2A_top5_aperiodic_rerank,sub-FYbcap|MoveL,sub-FYbcap,MoveL,L,good,good,6,sub-AB2PeX|MoveL,sub-AB2PeX,MoveL,L,good,False,1006.0,-1.9698187114181842,-1007.9698187114182,33,0.030303030303030304,0.16666666666666666,0.84375,other_subject_same_task_side
all_medon_candidates,v2A_top5_aperiodic_rerank,sub-PuPVlx|HoldL,sub-PuPVlx,HoldL,L,good,good,2,sub-PuPVlx|MoveL,sub-PuPVlx,MoveL,L,good,False,-1.6767594115657327,-1.7531365694063217,-0.07637715784058896,33,0.030303030303030304,0.5,0.96875,same_subject_wrong_task
all_medon_candidates,v2A_top5_aperiodic_rerank,sub-PuPVlx|MoveL,sub-PuPVlx,MoveL,L,good,good,1,sub-PuPVlx|MoveL,sub-PuPVlx,MoveL,L,good,True,-1.947480131984968,-1.5932740729842632,0.3542060590007048,33,0.030303030303030304,1.0,1.0,success
all_medon_candidates,v2A_top5_aperiodic_rerank,sub-QZTsn6|HoldL,sub-QZTsn6,HoldL,L,good,good,4,sub-PuPVlx|MoveL,sub-PuPVlx,MoveL,L,good,False,0.40751131388872697,-0.9327102511152713,-1.3402215650039984,33,0.030303030303030304,0.25,0.90625,other_subject_wrong_task
all_medon_candidates,v2A_top5_aperiodic_rerank,sub-QZTsn6|MoveL,sub-QZTsn6,MoveL,L,good,good,6,sub-PuPVlx|MoveL,sub-PuPVlx,MoveL,L,good,False,1006.0,-1.08775010207121,-1007.0877501020713,33,0.030303030303030304,0.16666666666666666,0.84375,other_subject_same_task_side
all_medon_candidates,v2A_top5_aperiodic_rerank,sub-VopvKx|HoldR,sub-VopvKx,HoldR,R,caution,caution,2,sub-VopvKx|MoveR,sub-VopvKx,MoveR,R,caution,False,-1.0505256168451842,-1.1371585402558482,-0.08663292341066398,33,0.030303030303030304,0.5,0.96875,quality_related
all_medon_candidates,v2A_top5_aperiodic_rerank,sub-VopvKx|MoveR,sub-VopvKx,MoveR,R,caution,caution,1,sub-VopvKx|MoveR,sub-VopvKx,MoveR,R,caution,True,-1.820738399889463,-1.4323019909956114,0.38843640889385167,33,0.030303030303030304,1.0,1.0,success
all_medon_candidates,v2A_top5_aperiodic_rerank,sub-dCsWjQ|HoldL,sub-dCsWjQ,HoldL,L,good,good,19,sub-jyC0j3|MoveR,sub-jyC0j3,MoveR,R,good,False,1019.0,-1.8719310723203944,-1020.8719310723204,33,0.030303030303030304,0.05263157894736842,0.4375,other_subject_wrong_task
all_medon_candidates,v2A_top5_aperiodic_rerank,sub-dCsWjQ|MoveL,sub-dCsWjQ,MoveL,L,good,good,27,sub-jyC0j3|MoveR,sub-jyC0j3,MoveR,R,good,False,1027.0,-1.5775526151941657,-1028.5775526151942,33,0.030303030303030304,0.037037037037037035,0.1875,other_subject_wrong_task
all_medon_candidates,v2A_top5_aperiodic_rerank,sub-gNX5yb|HoldL,sub-gNX5yb,HoldL,L,acceptable,acceptable,2,sub-gNX5yb|MoveL,sub-gNX5yb,MoveL,L,good,False,-0.9534824998339577,-2.128067793278865,-1.1745852934449073,33,0.030303030303030304,0.5,0.96875,quality_related
all_medon_candidates,v2A_top5_aperiodic_rerank,sub-gNX5yb|MoveL,sub-gNX5yb,MoveL,L,good,good,1,sub-gNX5yb|MoveL,sub-gNX5yb,MoveL,L,good,True,-2.0872387906713223,-0.10864908794517553,1.9785897027261468,33,0.030303030303030304,1.0,1.0,success
all_medon_candidates,v2A_top5_aperiodic_rerank,sub-hnetKS|HoldL,sub-hnetKS,HoldL,L,good,good,2,sub-hnetKS|MoveL,sub-hnetKS,MoveL,L,good,False,-1.517572521873927,-1.9613615202276282,-0.4437889983537011,33,0.030303030303030304,0.5,0.96875,same_subject_wrong_task
all_medon_candidates,v2A_top5_aperiodic_rerank,sub-hnetKS|MoveL,sub-hnetKS,MoveL,L,good,good,1,sub-hnetKS|MoveL,sub-hnetKS,MoveL,L,good,True,-1.9900927388487966,-1.4439834021339117,0.5461093367148848,33,0.030303030303030304,1.0,1.0,success
all_medon_candidates,v2A_top5_aperiodic_rerank,sub-i4oK0F|HoldL,sub-i4oK0F,HoldL,L,acceptable,acceptable,2,sub-PuPVlx|MoveL,sub-PuPVlx,MoveL,L,good,False,-0.7199124964299208,-0.878599501643812,-0.15868700521389112,33,0.030303030303030304,0.5,0.96875,quality_related
all_medon_candidates,v2A_top5_aperiodic_rerank,sub-i4oK0F|MoveL,sub-i4oK0F,MoveL,L,caution,caution,3,sub-i4oK0F|HoldL,sub-i4oK0F,HoldL,L,acceptable,False,-0.17986033760726572,-1.889917245856966,-1.7100569082497001,33,0.030303030303030304,0.3333333333333333,0.9375,quality_related
all_medon_candidates,v2A_top5_aperiodic_rerank,sub-iDpl28|HoldR,sub-iDpl28,HoldR,R,unknown,unknown,1,sub-iDpl28|HoldR,sub-iDpl28,HoldR,R,unknown,True,-2.407273856697964,-0.2681672693454126,2.1391065873525514,33,0.030303030303030304,1.0,1.0,success
all_medon_candidates,v2A_top5_aperiodic_rerank,sub-jyC0j3|HoldR,sub-jyC0j3,HoldR,R,good,good,8,sub-jyC0j3|MoveR,sub-jyC0j3,MoveR,R,good,False,1008.0,-2.455530231351095,-1010.4555302313511,33,0.030303030303030304,0.125,0.78125,same_subject_wrong_task
all_medon_candidates,v2A_top5_aperiodic_rerank,sub-jyC0j3|MoveR,sub-jyC0j3,MoveR,R,good,good,1,sub-jyC0j3|MoveR,sub-jyC0j3,MoveR,R,good,True,-2.579312348327258,0.34147197905175664,2.920784327379015,33,0.030303030303030304,1.0,1.0,success
all_medon_candidates,v2A_top5_aperiodic_rerank,sub-oLNpHd|HoldL,sub-oLNpHd,HoldL,L,unknown,unknown,1,sub-oLNpHd|HoldL,sub-oLNpHd,HoldL,L,unknown,True,-2.7299887935497367,0.08795317158251914,2.8179419651322557,33,0.030303030303030304,1.0,1.0,success
all_medon_candidates,v2A_top5_aperiodic_rerank,sub-oLNpHd|MoveL,sub-oLNpHd,MoveL,L,unknown,unknown,1,sub-oLNpHd|MoveL,sub-oLNpHd,MoveL,L,unknown,True,-1.509314811311164,-1.1317278820857655,0.3775869292253986,33,0.030303030303030304,1.0,1.0,success
all_medon_candidates,v2B_gated_aperiodic_top5,sub-0cGdk9|HoldL,sub-0cGdk9,HoldL,L,good,good,1,sub-0cGdk9|HoldL,sub-0cGdk9,HoldL,L,good,True,-1.5,1.5000000000000002,3.0,33,0.030303030303030304,1.0,1.0,success
all_medon_candidates,v2B_gated_aperiodic_top5,sub-0cGdk9|MoveL,sub-0cGdk9,MoveL,L,good,good,1,sub-0cGdk9|MoveL,sub-0cGdk9,MoveL,L,good,True,-0.5000000000000002,0.4999999999999998,1.0,33,0.030303030303030304,1.0,1.0,success
all_medon_candidates,v2B_gated_aperiodic_top5,sub-2IU8mi|HoldL,sub-2IU8mi,HoldL,L,good,good,3,sub-0cGdk9|HoldL,sub-0cGdk9,HoldL,L,good,False,0.5421468031036887,-0.6926771438405683,-1.234823946944257,33,0.030303030303030304,0.3333333333333333,0.9375,other_subject_same_task_side
all_medon_candidates,v2B_gated_aperiodic_top5,sub-2IU8mi|MoveL,sub-2IU8mi,MoveL,L,good,good,1,sub-2IU8mi|MoveL,sub-2IU8mi,MoveL,L,good,True,-1.7885191023189546,0.5155880507195345,2.304107153038489,33,0.030303030303030304,1.0,1.0,success
all_medon_candidates,v2B_gated_aperiodic_top5,sub-2IhVOz|HoldR,sub-2IhVOz,HoldR,R,good,good,31,sub-VopvKx|HoldR,sub-VopvKx,HoldR,R,caution,False,1031.0,-0.0,-1031.0,33,0.030303030303030304,0.03225806451612903,0.0625,quality_related
all_medon_candidates,v2B_gated_aperiodic_top5,sub-2IhVOz|MoveR,sub-2IhVOz,MoveR,R,low_quality,low_quality,30,sub-i4oK0F|HoldL,sub-i4oK0F,HoldL,L,acceptable,False,1030.0,1001.0,-29.0,33,0.030303030303030304,0.03333333333333333,0.09375,quality_related
all_medon_candidates,v2B_gated_aperiodic_top5,sub-AB2PeX|HoldL,sub-AB2PeX,HoldL,L,low_quality,low_quality,2,sub-gNX5yb|HoldL,sub-gNX5yb,HoldL,L,acceptable,False,0.49999999999999967,-0.5000000000000002,-0.9999999999999999,33,0.030303030303030304,0.5,0.96875,quality_related
all_medon_candidates,v2B_gated_aperiodic_top5,sub-AB2PeX|MoveL,sub-AB2PeX,MoveL,L,good,good,1,sub-AB2PeX|MoveL,sub-AB2PeX,MoveL,L,good,True,-0.0,1002.0,1002.0,33,0.030303030303030304,1.0,1.0,success
all_medon_candidates,v2B_gated_aperiodic_top5,sub-AbzsOg|HoldL,sub-AbzsOg,HoldL,L,good,good,1,sub-AbzsOg|HoldL,sub-AbzsOg,HoldL,L,good,True,-1.4999999999999998,1.5000000000000002,3.0,33,0.030303030303030304,1.0,1.0,success
all_medon_candidates,v2B_gated_aperiodic_top5,sub-AbzsOg|MoveL,sub-AbzsOg,MoveL,L,good,good,1,sub-AbzsOg|MoveL,sub-AbzsOg,MoveL,L,good,True,-1.5,1.5,3.0,33,0.030303030303030304,1.0,1.0,success
all_medon_candidates,v2B_gated_aperiodic_top5,sub-FIyfdR|HoldR,sub-FIyfdR,HoldR,R,good,good,1,sub-FIyfdR|HoldR,sub-FIyfdR,HoldR,R,good,True,-0.0,1002.0,1002.0,33,0.030303030303030304,1.0,1.0,success
all_medon_candidates,v2B_gated_aperiodic_top5,sub-FIyfdR|MoveR,sub-FIyfdR,MoveR,R,good,good,1,sub-FIyfdR|MoveR,sub-FIyfdR,MoveR,R,good,True,-0.0,1001.0,1001.0,33,0.030303030303030304,1.0,1.0,success
all_medon_candidates,v2B_gated_aperiodic_top5,sub-FYbcap|HoldL,sub-FYbcap,HoldL,L,acceptable,acceptable,1,sub-FYbcap|HoldL,sub-FYbcap,HoldL,L,acceptable,True,-1.806616452473967,0.14075881924861877,1.9473752717225858,33,0.030303030303030304,1.0,1.0,success
all_medon_candidates,v2B_gated_aperiodic_top5,sub-FYbcap|MoveL,sub-FYbcap,MoveL,L,good,good,6,sub-AB2PeX|MoveL,sub-AB2PeX,MoveL,L,good,False,1006.0,-0.0,-1006.0,33,0.030303030303030304,0.16666666666666666,0.84375,other_subject_same_task_side
all_medon_candidates,v2B_gated_aperiodic_top5,sub-PuPVlx|HoldL,sub-PuPVlx,HoldL,L,good,good,1,sub-PuPVlx|HoldL,sub-PuPVlx,HoldL,L,good,True,-0.0,1001.0,1001.0,33,0.030303030303030304,1.0,1.0,success
all_medon_candidates,v2B_gated_aperiodic_top5,sub-PuPVlx|MoveL,sub-PuPVlx,MoveL,L,good,good,1,sub-PuPVlx|MoveL,sub-PuPVlx,MoveL,L,good,True,-1.4999999999999998,1.5,3.0,33,0.030303030303030304,1.0,1.0,success
all_medon_candidates,v2B_gated_aperiodic_top5,sub-QZTsn6|HoldL,sub-QZTsn6,HoldL,L,good,good,2,sub-PuPVlx|HoldL,sub-PuPVlx,HoldL,L,good,False,0.4999999999999998,-0.5000000000000002,-1.0,33,0.030303030303030304,0.5,0.96875,other_subject_same_task_side
all_medon_candidates,v2B_gated_aperiodic_top5,sub-QZTsn6|MoveL,sub-QZTsn6,MoveL,L,good,good,6,sub-PuPVlx|MoveL,sub-PuPVlx,MoveL,L,good,False,1006.0,-0.5,-1006.5,33,0.030303030303030304,0.16666666666666666,0.84375,other_subject_same_task_side
all_medon_candidates,v2B_gated_aperiodic_top5,sub-VopvKx|HoldR,sub-VopvKx,HoldR,R,caution,caution,1,sub-VopvKx|HoldR,sub-VopvKx,HoldR,R,caution,True,-0.0,1001.0,1001.0,33,0.030303030303030304,1.0,1.0,success
all_medon_candidates,v2B_gated_aperiodic_top5,sub-VopvKx|MoveR,sub-VopvKx,MoveR,R,caution,caution,1,sub-VopvKx|MoveR,sub-VopvKx,MoveR,R,caution,True,-0.0,1002.0,1002.0,33,0.030303030303030304,1.0,1.0,success
all_medon_candidates,v2B_gated_aperiodic_top5,sub-dCsWjQ|HoldL,sub-dCsWjQ,HoldL,L,good,good,19,sub-i4oK0F|HoldL,sub-i4oK0F,HoldL,L,acceptable,False,1019.0,-0.0,-1019.0,33,0.030303030303030304,0.05263157894736842,0.4375,quality_related
all_medon_candidates,v2B_gated_aperiodic_top5,sub-dCsWjQ|MoveL,sub-dCsWjQ,MoveL,L,good,good,27,sub-i4oK0F|MoveL,sub-i4oK0F,MoveL,L,caution,False,1027.0,-0.0,-1027.0,33,0.030303030303030304,0.037037037037037035,0.1875,quality_related
all_medon_candidates,v2B_gated_aperiodic_top5,sub-gNX5yb|HoldL,sub-gNX5yb,HoldL,L,acceptable,acceptable,1,sub-gNX5yb|HoldL,sub-gNX5yb,HoldL,L,acceptable,True,-1.5,1.5,3.0,33,0.030303030303030304,1.0,1.0,success
all_medon_candidates,v2B_gated_aperiodic_top5,sub-gNX5yb|MoveL,sub-gNX5yb,MoveL,L,good,good,1,sub-gNX5yb|MoveL,sub-gNX5yb,MoveL,L,good,True,-1.563368305277279,0.6697580400488281,2.233126345326107,33,0.030303030303030304,1.0,1.0,success
all_medon_candidates,v2B_gated_aperiodic_top5,sub-hnetKS|HoldL,sub-hnetKS,HoldL,L,good,good,1,sub-hnetKS|HoldL,sub-hnetKS,HoldL,L,good,True,-2.0277752162240006,0.6434963512991556,2.6712715675231564,33,0.030303030303030304,1.0,1.0,success
all_medon_candidates,v2B_gated_aperiodic_top5,sub-hnetKS|MoveL,sub-hnetKS,MoveL,L,good,good,1,sub-hnetKS|MoveL,sub-hnetKS,MoveL,L,good,True,-0.0,1002.0,1002.0,33,0.030303030303030304,1.0,1.0,success
all_medon_candidates,v2B_gated_aperiodic_top5,sub-i4oK0F|HoldL,sub-i4oK0F,HoldL,L,acceptable,acceptable,2,sub-PuPVlx|HoldL,sub-PuPVlx,HoldL,L,good,False,0.5,-0.5,-1.0,33,0.030303030303030304,0.5,0.96875,quality_related
all_medon_candidates,v2B_gated_aperiodic_top5,sub-i4oK0F|MoveL,sub-i4oK0F,MoveL,L,caution,caution,1,sub-i4oK0F|MoveL,sub-i4oK0F,MoveL,L,caution,True,-0.0,1001.0,1001.0,33,0.030303030303030304,1.0,1.0,success
all_medon_candidates,v2B_gated_aperiodic_top5,sub-iDpl28|HoldR,sub-iDpl28,HoldR,R,unknown,unknown,1,sub-iDpl28|HoldR,sub-iDpl28,HoldR,R,unknown,True,-1.5000000000000002,1.4999999999999996,3.0,33,0.030303030303030304,1.0,1.0,success
all_medon_candidates,v2B_gated_aperiodic_top5,sub-jyC0j3|HoldR,sub-jyC0j3,HoldR,R,good,good,8,sub-VopvKx|HoldR,sub-VopvKx,HoldR,R,caution,False,1008.0,-0.0,-1008.0,33,0.030303030303030304,0.125,0.78125,quality_related
all_medon_candidates,v2B_gated_aperiodic_top5,sub-jyC0j3|MoveR,sub-jyC0j3,MoveR,R,good,good,1,sub-jyC0j3|MoveR,sub-jyC0j3,MoveR,R,good,True,-1.5000000000000002,1.5,3.0,33,0.030303030303030304,1.0,1.0,success
all_medon_candidates,v2B_gated_aperiodic_top5,sub-oLNpHd|HoldL,sub-oLNpHd,HoldL,L,unknown,unknown,1,sub-oLNpHd|HoldL,sub-oLNpHd,HoldL,L,unknown,True,-2.077753735624787,0.7142735542508248,2.7920272898756116,33,0.030303030303030304,1.0,1.0,success
all_medon_candidates,v2B_gated_aperiodic_top5,sub-oLNpHd|MoveL,sub-oLNpHd,MoveL,L,unknown,unknown,1,sub-oLNpHd|MoveL,sub-oLNpHd,MoveL,L,unknown,True,-1.4999999999999998,1.5000000000000002,3.0,33,0.030303030303030304,1.0,1.0,success
true_plus_all_other_subject_medon,v2_reference,sub-0cGdk9|HoldL,sub-0cGdk9,HoldL,L,good,good,1,sub-0cGdk9|HoldL,sub-0cGdk9,HoldL,L,good,True,0.05495877352468829,0.25230469492550206,0.19734592140081378,32,0.03125,1.0,1.0,success
true_plus_all_other_subject_medon,v2_reference,sub-0cGdk9|MoveL,sub-0cGdk9,MoveL,L,good,good,1,sub-0cGdk9|MoveL,sub-0cGdk9,MoveL,L,good,True,0.05944784815426929,0.18919537746767354,0.12974752931340425,32,0.03125,1.0,1.0,success
true_plus_all_other_subject_medon,v2_reference,sub-2IU8mi|HoldL,sub-2IU8mi,HoldL,L,good,good,4,sub-oLNpHd|MoveL,sub-oLNpHd,MoveL,L,unknown,False,0.328689068912138,0.18427773164560857,-0.14441133726652944,32,0.03125,0.25,0.9032258064516129,quality_related
true_plus_all_other_subject_medon,v2_reference,sub-2IU8mi|MoveL,sub-2IU8mi,MoveL,L,good,good,1,sub-2IU8mi|MoveL,sub-2IU8mi,MoveL,L,good,True,0.04743572890594248,0.17490052071045845,0.12746479180451598,32,0.03125,1.0,1.0,success
true_plus_all_other_subject_medon,v2_reference,sub-2IhVOz|HoldR,sub-2IhVOz,HoldR,R,good,good,31,sub-VopvKx|HoldR,sub-VopvKx,HoldR,R,caution,False,1.3254485296083243,0.3949288112746186,-0.9305197183337057,32,0.03125,0.03225806451612903,0.032258064516129004,quality_related
true_plus_all_other_subject_medon,v2_reference,sub-2IhVOz|MoveR,sub-2IhVOz,MoveR,R,low_quality,low_quality,30,sub-i4oK0F|HoldL,sub-i4oK0F,HoldL,L,acceptable,False,1.2810196469187163,0.46340819467114697,-0.8176114522475693,32,0.03125,0.03333333333333333,0.06451612903225812,quality_related
true_plus_all_other_subject_medon,v2_reference,sub-AB2PeX|HoldL,sub-AB2PeX,HoldL,L,low_quality,low_quality,4,sub-FIyfdR|HoldR,sub-FIyfdR,HoldR,R,good,False,0.3309516127494058,0.22479806596790053,-0.10615354678150529,32,0.03125,0.25,0.9032258064516129,quality_related
true_plus_all_other_subject_medon,v2_reference,sub-AB2PeX|MoveL,sub-AB2PeX,MoveL,L,good,good,1,sub-AB2PeX|MoveL,sub-AB2PeX,MoveL,L,good,True,0.04698603144549063,0.41058840109095346,0.36360236964546283,32,0.03125,1.0,1.0,success
true_plus_all_other_subject_medon,v2_reference,sub-AbzsOg|HoldL,sub-AbzsOg,HoldL,L,good,good,3,sub-iDpl28|HoldR,sub-iDpl28,HoldR,R,unknown,False,0.3999109609027121,0.35867287427903144,-0.04123808662368067,32,0.03125,0.3333333333333333,0.935483870967742,quality_related
true_plus_all_other_subject_medon,v2_reference,sub-AbzsOg|MoveL,sub-AbzsOg,MoveL,L,good,good,2,sub-jyC0j3|MoveR,sub-jyC0j3,MoveR,R,good,False,0.3832058208194775,0.361103606678652,-0.022102214140825527,32,0.03125,0.5,0.967741935483871,other_subject_wrong_task
true_plus_all_other_subject_medon,v2_reference,sub-FIyfdR|HoldR,sub-FIyfdR,HoldR,R,good,good,1,sub-FIyfdR|HoldR,sub-FIyfdR,HoldR,R,good,True,0.0357190494441317,0.25281199828361195,0.21709294883948024,32,0.03125,1.0,1.0,success
true_plus_all_other_subject_medon,v2_reference,sub-FIyfdR|MoveR,sub-FIyfdR,MoveR,R,good,good,4,sub-AB2PeX|MoveL,sub-AB2PeX,MoveL,L,good,False,0.5086171309825672,0.099917989528626,-0.4086991414539412,32,0.03125,0.25,0.9032258064516129,other_subject_wrong_task
true_plus_all_other_subject_medon,v2_reference,sub-FYbcap|HoldL,sub-FYbcap,HoldL,L,acceptable,acceptable,1,sub-FYbcap|HoldL,sub-FYbcap,HoldL,L,acceptable,True,0.1786997994628672,0.28252891278089903,0.10382911331803182,32,0.03125,1.0,1.0,success
true_plus_all_other_subject_medon,v2_reference,sub-FYbcap|MoveL,sub-FYbcap,MoveL,L,good,good,6,sub-FIyfdR|HoldR,sub-FIyfdR,HoldR,R,good,False,0.38052562311927834,0.268439656928999,-0.11208596619027933,32,0.03125,0.16666666666666666,0.8387096774193549,other_subject_wrong_task
true_plus_all_other_subject_medon,v2_reference,sub-PuPVlx|HoldL,sub-PuPVlx,HoldL,L,good,good,1,sub-PuPVlx|HoldL,sub-PuPVlx,HoldL,L,good,True,0.10018823714794972,0.1957615322084957,0.09557329506054599,32,0.03125,1.0,1.0,success
true_plus_all_other_subject_medon,v2_reference,sub-PuPVlx|MoveL,sub-PuPVlx,MoveL,L,good,good,1,sub-PuPVlx|MoveL,sub-PuPVlx,MoveL,L,good,True,0.008975142068523475,0.14167759660728016,0.13270245453875668,32,0.03125,1.0,1.0,success
true_plus_all_other_subject_medon,v2_reference,sub-QZTsn6|HoldL,sub-QZTsn6,HoldL,L,good,good,5,sub-PuPVlx|MoveL,sub-PuPVlx,MoveL,L,good,False,0.35892776496577,0.16304767711599466,-0.19588008784977534,32,0.03125,0.2,0.8709677419354839,other_subject_wrong_task
true_plus_all_other_subject_medon,v2_reference,sub-QZTsn6|MoveL,sub-QZTsn6,MoveL,L,good,good,5,sub-PuPVlx|MoveL,sub-PuPVlx,MoveL,L,good,False,0.3405021892860632,0.12249395819095711,-0.2180082310951061,32,0.03125,0.2,0.8709677419354839,other_subject_same_task_side
true_plus_all_other_subject_medon,v2_reference,sub-VopvKx|HoldR,sub-VopvKx,HoldR,R,caution,caution,1,sub-VopvKx|HoldR,sub-VopvKx,HoldR,R,caution,True,0.01081048986779696,0.06783744518352719,0.05702695531573023,32,0.03125,1.0,1.0,success
true_plus_all_other_subject_medon,v2_reference,sub-VopvKx|MoveR,sub-VopvKx,MoveR,R,caution,caution,1,sub-VopvKx|MoveR,sub-VopvKx,MoveR,R,caution,True,0.01840082283237839,0.10464083352394472,0.08624001069156634,32,0.03125,1.0,1.0,success
true_plus_all_other_subject_medon,v2_reference,sub-dCsWjQ|HoldL,sub-dCsWjQ,HoldL,L,good,good,19,sub-jyC0j3|MoveR,sub-jyC0j3,MoveR,R,good,False,0.6733716063225099,0.265628403414342,-0.4077432029081679,32,0.03125,0.05263157894736842,0.4193548387096774,other_subject_wrong_task
true_plus_all_other_subject_medon,v2_reference,sub-dCsWjQ|MoveL,sub-dCsWjQ,MoveL,L,good,good,26,sub-jyC0j3|MoveR,sub-jyC0j3,MoveR,R,good,False,0.9143766919115247,0.2031885547829367,-0.711188137128588,32,0.03125,0.038461538461538464,0.19354838709677424,other_subject_wrong_task
true_plus_all_other_subject_medon,v2_reference,sub-gNX5yb|HoldL,sub-gNX5yb,HoldL,L,acceptable,acceptable,1,sub-gNX5yb|HoldL,sub-gNX5yb,HoldL,L,acceptable,True,0.27499517040753524,0.3369209028887887,0.06192573248125344,32,0.03125,1.0,1.0,success
true_plus_all_other_subject_medon,v2_reference,sub-gNX5yb|MoveL,sub-gNX5yb,MoveL,L,good,good,1,sub-gNX5yb|MoveL,sub-gNX5yb,MoveL,L,good,True,0.14962184189454314,0.34105086803786033,0.1914290261433172,32,0.03125,1.0,1.0,success
true_plus_all_other_subject_medon,v2_reference,sub-hnetKS|HoldL,sub-hnetKS,HoldL,L,good,good,1,sub-hnetKS|HoldL,sub-hnetKS,HoldL,L,good,True,0.2759279162237444,0.6759187976740274,0.399990881450283,32,0.03125,1.0,1.0,success
true_plus_all_other_subject_medon,v2_reference,sub-hnetKS|MoveL,sub-hnetKS,MoveL,L,good,good,1,sub-hnetKS|MoveL,sub-hnetKS,MoveL,L,good,True,0.2765675627166289,0.7088741447461292,0.4323065820295003,32,0.03125,1.0,1.0,success
true_plus_all_other_subject_medon,v2_reference,sub-i4oK0F|HoldL,sub-i4oK0F,HoldL,L,acceptable,acceptable,3,sub-PuPVlx|MoveL,sub-PuPVlx,MoveL,L,good,False,0.3170331576323295,0.26519433411892995,-0.05183882351339952,32,0.03125,0.3333333333333333,0.935483870967742,quality_related
true_plus_all_other_subject_medon,v2_reference,sub-i4oK0F|MoveL,sub-i4oK0F,MoveL,L,caution,caution,3,sub-VopvKx|HoldR,sub-VopvKx,HoldR,R,caution,False,0.08889767592794051,0.07683369540919056,-0.012063980518749948,32,0.03125,0.3333333333333333,0.935483870967742,quality_related
true_plus_all_other_subject_medon,v2_reference,sub-iDpl28|HoldR,sub-iDpl28,HoldR,R,unknown,unknown,1,sub-iDpl28|HoldR,sub-iDpl28,HoldR,R,unknown,True,0.3380983718692299,0.48743882664938476,0.14934045478015484,33,0.030303030303030304,1.0,1.0,success
true_plus_all_other_subject_medon,v2_reference,sub-jyC0j3|HoldR,sub-jyC0j3,HoldR,R,good,good,7,sub-VopvKx|HoldR,sub-VopvKx,HoldR,R,caution,False,0.3487582428940685,0.21886480780098502,-0.12989343509308346,32,0.03125,0.14285714285714285,0.8064516129032258,quality_related
true_plus_all_other_subject_medon,v2_reference,sub-jyC0j3|MoveR,sub-jyC0j3,MoveR,R,good,good,1,sub-jyC0j3|MoveR,sub-jyC0j3,MoveR,R,good,True,0.04317054573313239,0.2503232706796728,0.2071527249465404,32,0.03125,1.0,1.0,success
true_plus_all_other_subject_medon,v2_reference,sub-oLNpHd|HoldL,sub-oLNpHd,HoldL,L,unknown,unknown,1,sub-oLNpHd|HoldL,sub-oLNpHd,HoldL,L,unknown,True,0.133243867988222,0.3233163453707952,0.19007247738257319,32,0.03125,1.0,1.0,success
true_plus_all_other_subject_medon,v2_reference,sub-oLNpHd|MoveL,sub-oLNpHd,MoveL,L,unknown,unknown,1,sub-oLNpHd|MoveL,sub-oLNpHd,MoveL,L,unknown,True,0.14256514808763573,0.14940169810442536,0.006836550016789622,32,0.03125,1.0,1.0,success
true_plus_all_other_subject_medon,v2A_top5_aperiodic_rerank,sub-0cGdk9|HoldL,sub-0cGdk9,HoldL,L,good,good,1,sub-0cGdk9|HoldL,sub-0cGdk9,HoldL,L,good,True,-2.6769451750612574,0.2235728051573871,2.9005179802186447,32,0.03125,1.0,1.0,success
true_plus_all_other_subject_medon,v2A_top5_aperiodic_rerank,sub-0cGdk9|MoveL,sub-0cGdk9,MoveL,L,good,good,1,sub-0cGdk9|MoveL,sub-0cGdk9,MoveL,L,good,True,-2.0265454366368494,-0.6540784488498979,1.3724669877869515,32,0.03125,1.0,1.0,success
true_plus_all_other_subject_medon,v2A_top5_aperiodic_rerank,sub-2IU8mi|HoldL,sub-2IU8mi,HoldL,L,good,good,4,sub-oLNpHd|MoveL,sub-oLNpHd,MoveL,L,unknown,False,0.13460659437997724,-0.835555455853014,-0.9701620502329913,32,0.03125,0.25,0.9032258064516129,quality_related
true_plus_all_other_subject_medon,v2A_top5_aperiodic_rerank,sub-2IU8mi|MoveL,sub-2IU8mi,MoveL,L,good,good,1,sub-2IU8mi|MoveL,sub-2IU8mi,MoveL,L,good,True,-2.2671480705108698,0.09369103223093828,2.360839102741808,32,0.03125,1.0,1.0,success
true_plus_all_other_subject_medon,v2A_top5_aperiodic_rerank,sub-2IhVOz|HoldR,sub-2IhVOz,HoldR,R,good,good,31,sub-i4oK0F|HoldL,sub-i4oK0F,HoldL,L,acceptable,False,1031.0,-1.44738972727389,-1032.447389727274,32,0.03125,0.03225806451612903,0.032258064516129004,quality_related
true_plus_all_other_subject_medon,v2A_top5_aperiodic_rerank,sub-2IhVOz|MoveR,sub-2IhVOz,MoveR,R,low_quality,low_quality,30,sub-i4oK0F|HoldL,sub-i4oK0F,HoldL,L,acceptable,False,1030.0,-0.7945125466892244,-1030.7945125466892,32,0.03125,0.03333333333333333,0.06451612903225812,quality_related
true_plus_all_other_subject_medon,v2A_top5_aperiodic_rerank,sub-AB2PeX|HoldL,sub-AB2PeX,HoldL,L,low_quality,low_quality,4,sub-FIyfdR|HoldR,sub-FIyfdR,HoldR,R,good,False,-0.21635652236325964,-1.2243928061453504,-1.0080362837820909,32,0.03125,0.25,0.9032258064516129,quality_related
true_plus_all_other_subject_medon,v2A_top5_aperiodic_rerank,sub-AB2PeX|MoveL,sub-AB2PeX,MoveL,L,good,good,1,sub-AB2PeX|MoveL,sub-AB2PeX,MoveL,L,good,True,-2.7145828668236,0.28432887440731913,2.998911741230919,32,0.03125,1.0,1.0,success
true_plus_all_other_subject_medon,v2A_top5_aperiodic_rerank,sub-AbzsOg|HoldL,sub-AbzsOg,HoldL,L,good,good,2,sub-iDpl28|HoldR,sub-iDpl28,HoldR,R,unknown,False,-0.8496182964705611,-1.7900603709809784,-0.9404420745104173,32,0.03125,0.5,0.967741935483871,quality_related
true_plus_all_other_subject_medon,v2A_top5_aperiodic_rerank,sub-AbzsOg|MoveL,sub-AbzsOg,MoveL,L,good,good,1,sub-AbzsOg|MoveL,sub-AbzsOg,MoveL,L,good,True,-1.497908353530963,-0.9809452767902516,0.5169630767407114,32,0.03125,1.0,1.0,success
true_plus_all_other_subject_medon,v2A_top5_aperiodic_rerank,sub-FIyfdR|HoldR,sub-FIyfdR,HoldR,R,good,good,1,sub-FIyfdR|HoldR,sub-FIyfdR,HoldR,R,good,True,-2.6511632222813484,-0.30269436573737607,2.348468856543972,32,0.03125,1.0,1.0,success
true_plus_all_other_subject_medon,v2A_top5_aperiodic_rerank,sub-FIyfdR|MoveR,sub-FIyfdR,MoveR,R,good,good,4,sub-AB2PeX|MoveL,sub-AB2PeX,MoveL,L,good,False,0.6057113575967144,-1.13990840428143,-1.7456197618781444,32,0.03125,0.25,0.9032258064516129,other_subject_wrong_task
true_plus_all_other_subject_medon,v2A_top5_aperiodic_rerank,sub-FYbcap|HoldL,sub-FYbcap,HoldL,L,acceptable,acceptable,1,sub-FYbcap|HoldL,sub-FYbcap,HoldL,L,acceptable,True,-2.217394248026714,-0.215116483012739,2.002277765013975,32,0.03125,1.0,1.0,success
true_plus_all_other_subject_medon,v2A_top5_aperiodic_rerank,sub-FYbcap|MoveL,sub-FYbcap,MoveL,L,good,good,6,sub-AB2PeX|MoveL,sub-AB2PeX,MoveL,L,good,False,1006.0,-1.9698187114181842,-1007.9698187114182,32,0.03125,0.16666666666666666,0.8387096774193549,other_subject_same_task_side
true_plus_all_other_subject_medon,v2A_top5_aperiodic_rerank,sub-PuPVlx|HoldL,sub-PuPVlx,HoldL,L,good,good,1,sub-PuPVlx|HoldL,sub-PuPVlx,HoldL,L,good,True,-2.588910710822937,0.3028170298601226,2.8917277406830593,32,0.03125,1.0,1.0,success
true_plus_all_other_subject_medon,v2A_top5_aperiodic_rerank,sub-PuPVlx|MoveL,sub-PuPVlx,MoveL,L,good,good,1,sub-PuPVlx|MoveL,sub-PuPVlx,MoveL,L,good,True,-2.821114383964666,0.28425695530716477,3.105371339271831,32,0.03125,1.0,1.0,success
true_plus_all_other_subject_medon,v2A_top5_aperiodic_rerank,sub-QZTsn6|HoldL,sub-QZTsn6,HoldL,L,good,good,4,sub-PuPVlx|MoveL,sub-PuPVlx,MoveL,L,good,False,0.40751131388872697,-0.9327102511152713,-1.3402215650039984,32,0.03125,0.25,0.9032258064516129,other_subject_wrong_task
true_plus_all_other_subject_medon,v2A_top5_aperiodic_rerank,sub-QZTsn6|MoveL,sub-QZTsn6,MoveL,L,good,good,3,sub-PuPVlx|MoveL,sub-PuPVlx,MoveL,L,good,False,0.16628014075971864,-1.0207900314555278,-1.1870701722152464,32,0.03125,0.3333333333333333,0.935483870967742,other_subject_same_task_side
true_plus_all_other_subject_medon,v2A_top5_aperiodic_rerank,sub-VopvKx|HoldR,sub-VopvKx,HoldR,R,caution,caution,1,sub-VopvKx|HoldR,sub-VopvKx,HoldR,R,caution,True,-1.4425370864310167,-0.7367063221591551,0.7058307642718616,32,0.03125,1.0,1.0,success
true_plus_all_other_subject_medon,v2A_top5_aperiodic_rerank,sub-VopvKx|MoveR,sub-VopvKx,MoveR,R,caution,caution,1,sub-VopvKx|MoveR,sub-VopvKx,MoveR,R,caution,True,-2.469183307734311,-0.4055434359619926,2.0636398717723186,32,0.03125,1.0,1.0,success
true_plus_all_other_subject_medon,v2A_top5_aperiodic_rerank,sub-dCsWjQ|HoldL,sub-dCsWjQ,HoldL,L,good,good,19,sub-jyC0j3|MoveR,sub-jyC0j3,MoveR,R,good,False,1019.0,-1.8719310723203944,-1020.8719310723204,32,0.03125,0.05263157894736842,0.4193548387096774,other_subject_wrong_task
true_plus_all_other_subject_medon,v2A_top5_aperiodic_rerank,sub-dCsWjQ|MoveL,sub-dCsWjQ,MoveL,L,good,good,26,sub-jyC0j3|MoveR,sub-jyC0j3,MoveR,R,good,False,1026.0,-1.5775526151941657,-1027.5775526151942,32,0.03125,0.038461538461538464,0.19354838709677424,other_subject_wrong_task
true_plus_all_other_subject_medon,v2A_top5_aperiodic_rerank,sub-gNX5yb|HoldL,sub-gNX5yb,HoldL,L,acceptable,acceptable,1,sub-gNX5yb|HoldL,sub-gNX5yb,HoldL,L,acceptable,True,-2.1113385003421716,-0.6822252432981963,1.4291132570439753,32,0.03125,1.0,1.0,success
true_plus_all_other_subject_medon,v2A_top5_aperiodic_rerank,sub-gNX5yb|MoveL,sub-gNX5yb,MoveL,L,good,good,1,sub-gNX5yb|MoveL,sub-gNX5yb,MoveL,L,good,True,-2.2672385584394856,-0.39126312416799247,1.8759754342714932,32,0.03125,1.0,1.0,success
true_plus_all_other_subject_medon,v2A_top5_aperiodic_rerank,sub-hnetKS|HoldL,sub-hnetKS,HoldL,L,good,good,1,sub-hnetKS|HoldL,sub-hnetKS,HoldL,L,good,True,-2.7310996272623456,-0.07693342977884185,2.654166197483504,32,0.03125,1.0,1.0,success
true_plus_all_other_subject_medon,v2A_top5_aperiodic_rerank,sub-hnetKS|MoveL,sub-hnetKS,MoveL,L,good,good,1,sub-hnetKS|MoveL,sub-hnetKS,MoveL,L,good,True,-2.7497452521720405,0.12780963354326513,2.8775548857153055,32,0.03125,1.0,1.0,success
true_plus_all_other_subject_medon,v2A_top5_aperiodic_rerank,sub-i4oK0F|HoldL,sub-i4oK0F,HoldL,L,acceptable,acceptable,2,sub-PuPVlx|MoveL,sub-PuPVlx,MoveL,L,good,False,-0.7199124964299208,-0.878599501643812,-0.15868700521389112,32,0.03125,0.5,0.967741935483871,quality_related
true_plus_all_other_subject_medon,v2A_top5_aperiodic_rerank,sub-i4oK0F|MoveL,sub-i4oK0F,MoveL,L,caution,caution,2,sub-VopvKx|HoldR,sub-VopvKx,HoldR,R,caution,False,-1.1319274588651433,-1.3284734123445094,-0.1965459534793661,32,0.03125,0.5,0.967741935483871,quality_related
true_plus_all_other_subject_medon,v2A_top5_aperiodic_rerank,sub-iDpl28|HoldR,sub-iDpl28,HoldR,R,unknown,unknown,1,sub-iDpl28|HoldR,sub-iDpl28,HoldR,R,unknown,True,-2.407273856697964,-0.2681672693454126,2.1391065873525514,33,0.030303030303030304,1.0,1.0,success
true_plus_all_other_subject_medon,v2A_top5_aperiodic_rerank,sub-jyC0j3|HoldR,sub-jyC0j3,HoldR,R,good,good,7,sub-VopvKx|HoldR,sub-VopvKx,HoldR,R,caution,False,1007.0,-1.042138056244271,-1008.0421380562443,32,0.03125,0.14285714285714285,0.8064516129032258,quality_related
true_plus_all_other_subject_medon,v2A_top5_aperiodic_rerank,sub-jyC0j3|MoveR,sub-jyC0j3,MoveR,R,good,good,1,sub-jyC0j3|MoveR,sub-jyC0j3,MoveR,R,good,True,-2.579312348327258,0.34147197905175664,2.920784327379015,32,0.03125,1.0,1.0,success
true_plus_all_other_subject_medon,v2A_top5_aperiodic_rerank,sub-oLNpHd|HoldL,sub-oLNpHd,HoldL,L,unknown,unknown,1,sub-oLNpHd|HoldL,sub-oLNpHd,HoldL,L,unknown,True,-2.4057145050843363,-0.13991551854569295,2.2657989865386434,32,0.03125,1.0,1.0,success
true_plus_all_other_subject_medon,v2A_top5_aperiodic_rerank,sub-oLNpHd|MoveL,sub-oLNpHd,MoveL,L,unknown,unknown,1,sub-oLNpHd|MoveL,sub-oLNpHd,MoveL,L,unknown,True,-2.0620392515878065,-0.4502690528146175,1.611770198773189,32,0.03125,1.0,1.0,success
true_plus_all_other_subject_medon,v2B_gated_aperiodic_top5,sub-0cGdk9|HoldL,sub-0cGdk9,HoldL,L,good,good,1,sub-0cGdk9|HoldL,sub-0cGdk9,HoldL,L,good,True,-1.5,1.5000000000000002,3.0,32,0.03125,1.0,1.0,success
true_plus_all_other_subject_medon,v2B_gated_aperiodic_top5,sub-0cGdk9|MoveL,sub-0cGdk9,MoveL,L,good,good,1,sub-0cGdk9|MoveL,sub-0cGdk9,MoveL,L,good,True,-0.5000000000000002,0.4999999999999998,1.0,32,0.03125,1.0,1.0,success
true_plus_all_other_subject_medon,v2B_gated_aperiodic_top5,sub-2IU8mi|HoldL,sub-2IU8mi,HoldL,L,good,good,3,sub-0cGdk9|HoldL,sub-0cGdk9,HoldL,L,good,False,0.5421468031036887,-0.6926771438405683,-1.234823946944257,32,0.03125,0.3333333333333333,0.935483870967742,other_subject_same_task_side
true_plus_all_other_subject_medon,v2B_gated_aperiodic_top5,sub-2IU8mi|MoveL,sub-2IU8mi,MoveL,L,good,good,1,sub-2IU8mi|MoveL,sub-2IU8mi,MoveL,L,good,True,-1.7885191023189546,0.5155880507195345,2.304107153038489,32,0.03125,1.0,1.0,success
true_plus_all_other_subject_medon,v2B_gated_aperiodic_top5,sub-2IhVOz|HoldR,sub-2IhVOz,HoldR,R,good,good,31,sub-VopvKx|HoldR,sub-VopvKx,HoldR,R,caution,False,1031.0,-0.0,-1031.0,32,0.03125,0.03225806451612903,0.032258064516129004,quality_related
true_plus_all_other_subject_medon,v2B_gated_aperiodic_top5,sub-2IhVOz|MoveR,sub-2IhVOz,MoveR,R,low_quality,low_quality,30,sub-i4oK0F|HoldL,sub-i4oK0F,HoldL,L,acceptable,False,1030.0,1001.0,-29.0,32,0.03125,0.03333333333333333,0.06451612903225812,quality_related
true_plus_all_other_subject_medon,v2B_gated_aperiodic_top5,sub-AB2PeX|HoldL,sub-AB2PeX,HoldL,L,low_quality,low_quality,2,sub-gNX5yb|HoldL,sub-gNX5yb,HoldL,L,acceptable,False,0.49999999999999967,-0.5000000000000002,-0.9999999999999999,32,0.03125,0.5,0.967741935483871,quality_related
true_plus_all_other_subject_medon,v2B_gated_aperiodic_top5,sub-AB2PeX|MoveL,sub-AB2PeX,MoveL,L,good,good,1,sub-AB2PeX|MoveL,sub-AB2PeX,MoveL,L,good,True,-0.0,1002.0,1002.0,32,0.03125,1.0,1.0,success
true_plus_all_other_subject_medon,v2B_gated_aperiodic_top5,sub-AbzsOg|HoldL,sub-AbzsOg,HoldL,L,good,good,1,sub-AbzsOg|HoldL,sub-AbzsOg,HoldL,L,good,True,-1.4999999999999998,1.5000000000000002,3.0,32,0.03125,1.0,1.0,success
true_plus_all_other_subject_medon,v2B_gated_aperiodic_top5,sub-AbzsOg|MoveL,sub-AbzsOg,MoveL,L,good,good,1,sub-AbzsOg|MoveL,sub-AbzsOg,MoveL,L,good,True,-1.8246643249124899,0.17691948248372436,2.001583807396214,32,0.03125,1.0,1.0,success
true_plus_all_other_subject_medon,v2B_gated_aperiodic_top5,sub-FIyfdR|HoldR,sub-FIyfdR,HoldR,R,good,good,1,sub-FIyfdR|HoldR,sub-FIyfdR,HoldR,R,good,True,-0.0,1002.0,1002.0,32,0.03125,1.0,1.0,success
true_plus_all_other_subject_medon,v2B_gated_aperiodic_top5,sub-FIyfdR|MoveR,sub-FIyfdR,MoveR,R,good,good,1,sub-FIyfdR|MoveR,sub-FIyfdR,MoveR,R,good,True,-0.0,1001.0,1001.0,32,0.03125,1.0,1.0,success
true_plus_all_other_subject_medon,v2B_gated_aperiodic_top5,sub-FYbcap|HoldL,sub-FYbcap,HoldL,L,acceptable,acceptable,1,sub-FYbcap|HoldL,sub-FYbcap,HoldL,L,acceptable,True,-2.089337705986106,-0.2089397743450998,1.8803979316410062,32,0.03125,1.0,1.0,success
true_plus_all_other_subject_medon,v2B_gated_aperiodic_top5,sub-FYbcap|MoveL,sub-FYbcap,MoveL,L,good,good,6,sub-AB2PeX|MoveL,sub-AB2PeX,MoveL,L,good,False,1006.0,-0.0,-1006.0,32,0.03125,0.16666666666666666,0.8387096774193549,other_subject_same_task_side
true_plus_all_other_subject_medon,v2B_gated_aperiodic_top5,sub-PuPVlx|HoldL,sub-PuPVlx,HoldL,L,good,good,1,sub-PuPVlx|HoldL,sub-PuPVlx,HoldL,L,good,True,-1.5,1.5000000000000002,3.0,32,0.03125,1.0,1.0,success
true_plus_all_other_subject_medon,v2B_gated_aperiodic_top5,sub-PuPVlx|MoveL,sub-PuPVlx,MoveL,L,good,good,1,sub-PuPVlx|MoveL,sub-PuPVlx,MoveL,L,good,True,-2.071916627437343,0.7086140154403334,2.780530642877676,32,0.03125,1.0,1.0,success
true_plus_all_other_subject_medon,v2B_gated_aperiodic_top5,sub-QZTsn6|HoldL,sub-QZTsn6,HoldL,L,good,good,2,sub-PuPVlx|HoldL,sub-PuPVlx,HoldL,L,good,False,0.4999999999999998,-0.5000000000000002,-1.0,32,0.03125,0.5,0.967741935483871,other_subject_same_task_side
true_plus_all_other_subject_medon,v2B_gated_aperiodic_top5,sub-QZTsn6|MoveL,sub-QZTsn6,MoveL,L,good,good,2,sub-PuPVlx|MoveL,sub-PuPVlx,MoveL,L,good,False,0.17856564323749946,-0.9650109020130571,-1.1435765452505566,32,0.03125,0.5,0.967741935483871,other_subject_same_task_side
true_plus_all_other_subject_medon,v2B_gated_aperiodic_top5,sub-VopvKx|HoldR,sub-VopvKx,HoldR,R,caution,caution,1,sub-VopvKx|HoldR,sub-VopvKx,HoldR,R,caution,True,-0.0,1002.0,1002.0,32,0.03125,1.0,1.0,success
true_plus_all_other_subject_medon,v2B_gated_aperiodic_top5,sub-VopvKx|MoveR,sub-VopvKx,MoveR,R,caution,caution,1,sub-VopvKx|MoveR,sub-VopvKx,MoveR,R,caution,True,-0.0,1002.0,1002.0,32,0.03125,1.0,1.0,success
true_plus_all_other_subject_medon,v2B_gated_aperiodic_top5,sub-dCsWjQ|HoldL,sub-dCsWjQ,HoldL,L,good,good,19,sub-i4oK0F|HoldL,sub-i4oK0F,HoldL,L,acceptable,False,1019.0,-0.0,-1019.0,32,0.03125,0.05263157894736842,0.4193548387096774,quality_related
true_plus_all_other_subject_medon,v2B_gated_aperiodic_top5,sub-dCsWjQ|MoveL,sub-dCsWjQ,MoveL,L,good,good,26,sub-i4oK0F|MoveL,sub-i4oK0F,MoveL,L,caution,False,1026.0,-0.0,-1026.0,32,0.03125,0.038461538461538464,0.19354838709677424,quality_related
true_plus_all_other_subject_medon,v2B_gated_aperiodic_top5,sub-gNX5yb|HoldL,sub-gNX5yb,HoldL,L,acceptable,acceptable,1,sub-gNX5yb|HoldL,sub-gNX5yb,HoldL,L,acceptable,True,-1.8524969219076528,0.330089915422732,2.1825868373303847,32,0.03125,1.0,1.0,success
true_plus_all_other_subject_medon,v2B_gated_aperiodic_top5,sub-gNX5yb|MoveL,sub-gNX5yb,MoveL,L,good,good,1,sub-gNX5yb|MoveL,sub-gNX5yb,MoveL,L,good,True,-1.9446735702904594,-0.20167088193457172,1.7430026883558876,32,0.03125,1.0,1.0,success
true_plus_all_other_subject_medon,v2B_gated_aperiodic_top5,sub-hnetKS|HoldL,sub-hnetKS,HoldL,L,good,good,1,sub-hnetKS|HoldL,sub-hnetKS,HoldL,L,good,True,-2.0277752162240006,0.6434963512991556,2.6712715675231564,32,0.03125,1.0,1.0,success
true_plus_all_other_subject_medon,v2B_gated_aperiodic_top5,sub-hnetKS|MoveL,sub-hnetKS,MoveL,L,good,good,1,sub-hnetKS|MoveL,sub-hnetKS,MoveL,L,good,True,-1.5000000000000002,1.5,3.0,32,0.03125,1.0,1.0,success
true_plus_all_other_subject_medon,v2B_gated_aperiodic_top5,sub-i4oK0F|HoldL,sub-i4oK0F,HoldL,L,acceptable,acceptable,2,sub-PuPVlx|HoldL,sub-PuPVlx,HoldL,L,good,False,0.5,-0.5,-1.0,32,0.03125,0.5,0.967741935483871,quality_related
true_plus_all_other_subject_medon,v2B_gated_aperiodic_top5,sub-i4oK0F|MoveL,sub-i4oK0F,MoveL,L,caution,caution,1,sub-i4oK0F|MoveL,sub-i4oK0F,MoveL,L,caution,True,-1.5000000000000004,1.5,3.0000000000000004,32,0.03125,1.0,1.0,success
true_plus_all_other_subject_medon,v2B_gated_aperiodic_top5,sub-iDpl28|HoldR,sub-iDpl28,HoldR,R,unknown,unknown,1,sub-iDpl28|HoldR,sub-iDpl28,HoldR,R,unknown,True,-1.5000000000000002,1.4999999999999996,3.0,33,0.030303030303030304,1.0,1.0,success
true_plus_all_other_subject_medon,v2B_gated_aperiodic_top5,sub-jyC0j3|HoldR,sub-jyC0j3,HoldR,R,good,good,7,sub-VopvKx|HoldR,sub-VopvKx,HoldR,R,caution,False,1007.0,-0.0,-1007.0,32,0.03125,0.14285714285714285,0.8064516129032258,quality_related
true_plus_all_other_subject_medon,v2B_gated_aperiodic_top5,sub-jyC0j3|MoveR,sub-jyC0j3,MoveR,R,good,good,1,sub-jyC0j3|MoveR,sub-jyC0j3,MoveR,R,good,True,-1.5000000000000002,1.5,3.0,32,0.03125,1.0,1.0,success
true_plus_all_other_subject_medon,v2B_gated_aperiodic_top5,sub-oLNpHd|HoldL,sub-oLNpHd,HoldL,L,unknown,unknown,1,sub-oLNpHd|HoldL,sub-oLNpHd,HoldL,L,unknown,True,-2.077753735624787,0.7142735542508248,2.7920272898756116,32,0.03125,1.0,1.0,success
true_plus_all_other_subject_medon,v2B_gated_aperiodic_top5,sub-oLNpHd|MoveL,sub-oLNpHd,MoveL,L,unknown,unknown,1,sub-oLNpHd|MoveL,sub-oLNpHd,MoveL,L,unknown,True,-1.4999999999999998,1.5000000000000002,3.0,32,0.03125,1.0,1.0,success
